624925440,632228503
22260297,23047278
514970288,516756520
500827520,502855976
20531865,21092413
27284317,27907531
22246656,22863177
507170062,508295488
28418338,28982796
510953246,511942101
500769479,502059827
503443674,504398023
510798451,511872317
507100226,507862116
506555815,507636168
19133346,19760999
20744226,21342212
500958227,501867287
504190014,505188258
542746992,546553528
521535869,523281473
515771074,516728002
23428324,23962275
19822770,20257599
20515121,21059710
20677617,21274078
22145192,22716261
508466651,509365788
497446580,498332946
508101094,509213011
20035585,20982377
499181182,499935925
21118787,21640809
20916006,21462209
21070634,21630171
24910649,25391342
20445734,21648892
505697344,506428475
497813445,499696016
502523889,503319335
21447343,22003331
27167797,27588571
497271608,498227672
510635417,511285863
22540094,23073694
19882742,20438377
22048243,22520835
500129384,500830147
517238303,517894023
502084941,504083292
20540982,21967129
20319397,20832619
19948364,20441100
498785484,499570286
27636488,28087735
35895675,36275441
502652315,503411705
18940581,20276505
502706973,503416894
504572131,505192068
18294893,18791440
506313448,507106291
20390926,20853131
500644985,501808975
20214978,20697257
509207005,509830800
498725466,499535643
507766286,508277810
504276438,504811253
513169525,515337737
510291745,511008808
536527160,537808111
20127375,20655401
21288016,21751446
505637347,508147584
20341454,20815475
24972080,25477801
504638867,505225861
499712247,500442094
497623688,498269150
499234333,499811725
495109688,495714634
495649338,497971009
26555688,26971937
20392358,20838181
15649262,16058174
16026784,16444699
50519506,50879365
508794390,510046987
20248838,20737127
20438088,20908330
23092717,23609190
500164599,500790511
21583791,22068456
20327724,20763857
20516226,20973959
22787567,23277728
500227839,500945159
501284982,501874410
503030770,503700806
499776677,500391337
18057229,18563377
510264331,510750338
494084639,494665675
511348357,512078522
20602441,21039961
502605156,503775951
20707154,21020301
498233562,498838398
20108134,20764431
533636817,534176598
496664959,497262706
22123501,22555155
495444969,495998108
500595090,501230267
21046343,21400809
495199630,495775253
498323761,498862212
23518970,23916879
534622583,535153995
21059356,21627314
505223109,505906474
506354440,507091404
523991825,524759817
497663502,499497291
25178646,25701737
23273285,23718708
20298174,20629600
23909815,24340864
496834742,498644544
500145067,500764355
493328463,494003660
20541244,20933942
20719590,21136178
499838601,500381827
496668093,497294568
23561660,23988707
22364954,22787522
500372604,500948382
20109239,20636575
498546678,499085855
498356373,498948144
20389725,20801181
499095834,499624974
502733357,503351188
496538944,497144355
21542580,21931857
19536661,19974965
498503570,499037430
503482516,503993843
500943017,501515583
504783430,505704563
511342237,511919368
18951776,19363865
496977121,497537766
507327385,508046859
515822278,516244607
500249928,501994072
514178438,514591704
19607349,20011257
515439587,516070671
499252397,499794700
498537999,504853961
27135179,27553833
24451661,24864090
511290780,511794283
22507171,23000090
19946803,20358044
18198657,18523256
20362132,20791314
20576026,20987882
501239027,504653669
506358809,506806211
20415781,20833388
502310558,502818240
20084884,20819210
21353059,21840830
20274694,20714954
22042086,22373239
20194860,20530901
20662961,21025953
500435287,500933981
502378472,502842062
501612175,502088689
500576100,501512807
17597656,18046299
500491715,501060704
31583506,31958184
501663162,502086828
500949461,501434005
494071824,494490139
20492779,20815141
20299026,20738663
20335495,20648586
499905064,500332628
511111607,511854482
20788570,21197798
494941107,495493319
512915430,514473992
19727857,20116282
543618711,544018797
15050040,15494207
19605381,19976297
20081300,20472411
496835574,497377735
503718483,504256860
19273154,19658161
16775571,17093743
510284573,510684911
16605501,17021347
20274740,20670373
18775813,19178134
20518059,20909367
507428560,508013547
17573078,18009862
18137890,18538181
499298810,499785572
495637059,496179941
497388381,497880273
18344114,18715502
495472435,496029758
19852191,20210134
20456750,20824607
496959244,497522349
502074705,502633659
66622423,66965897
495146003,495692573
20352388,20677469
19962847,20354249
504130371,504754127
498365054,498902190
19764563,20162712
16418700,16660699
501416639,501993014
24651037,24966735
499605947,500125541
514466672,515014994
518756213,519260499
495807689,496347428
498737595,499293324
20336883,20732357
16947871,17214382
495165864,495754777
18864535,19122904
496946610,497437693
493998533,494524165
508526128,508946669
493188196,493747834
498286023,498779651
25808130,26172739
24558633,24967131
18823252,19185849
19210302,19546096
21348156,21642924
20175395,20587109
532272195,532823785
20793327,21381684
499583259,500314111
505569982,506118304
29874683,30183972
19660072,20050122
20358672,20743321
17971480,18361611
496690163,497248998
499018809,499453156
498231966,498758753
19453181,19798291
21109783,21416623
501748485,502308413
17501888,17900486
498623263,499107824
502084967,502685731
19680522,20032631
16614418,16972480
20344568,20723520
512000015,512596757
500270614,500781203
501868617,502421587
505164559,505556491
20457365,20797468
20317131,20576758
18454994,18788715
22758941,23152445
498120654,498598183
502068556,502609591
19891746,20159347
500742118,501164603
21079780,21420993
21189669,21481730
41215065,41541322
498758153,499238872
494012006,494560002
20294591,20698893
499716323,500216505
19452693,19987575
24391252,24714232
498201442,498708544
19760420,20145445
500330875,500933128
500133020,500633795
498213416,498751341
500086893,500530611
498926237,499524067
500404581,500951463
15301676,15635027
501337558,501894776
496933897,497410331
19651086,19992101
541976214,542509761
496000842,496506167
20263170,20677347
19910250,20347499
20293472,20649761
506747236,507315135
502751096,503329821
494049962,494629738
20243423,20612442
494527777,495039572
492150058,492640433
496421649,496977056
498734937,499215461
497446935,497958134
19339376,19730519
493328442,493808244
494391112,494978180
501150784,501646374
20308062,20662008
30765705,31122983
510007189,510552526
21847389,22235658
497681859,498154483
498338639,498842742
19303393,19600090
498536998,498989477
24232678,24540031
19344575,19654434
19325653,19574182
541802361,542193755
498586959,499056493
507102274,507564450
507394579,507933834
500767535,501240972
19610809,20010339
19624080,19891056
500816572,501341817
20164357,20497803
497591758,498069870
504854715,505376915
518472969,518894102
497071481,497752427
502980355,503546465
497524264,498018850
25439030,25780466
500757571,501202324
20056603,20389694
494376443,494841386
18387893,18736444
20185095,20597889
499849213,500461004
19699733,20029119
503049002,503670517
20024573,20361087
501600331,502944016
512858778,513447072
18609139,18947340
520116261,520503275
20552379,20911402
499689427,500230880
18387077,18763014
496181349,496658793
506778255,507340562
505471848,505952298
503391796,503910374
18407966,18768296
507835512,508261621
501495823,501948025
504865556,505255310
504236132,504813644
512260253,512793111
517834554,518368249
28538861,28923330
515303567,515736971
501457094,502123742
500718190,501131914
18493737,18881857
20633152,20968618
503437100,503956301
22809718,23053377
513160986,513543097
20640350,21041248
19548801,21724024
499961723,500415229
502268119,502887279
499061643,499547225
499937160,500515999
502951048,503312562
499578238,499998899
503277916,503659154
506033816,506621106
22161207,22578464
19383399,19709509
19535904,19843543
20319044,20689736
497228823,501011514
497728261,505513829
20259846,20612584
26132707,26469872
20239238,20585543
20235267,20590882
18195272,18455663
18111166,18383497
16666710,16963657
19766748,20044878
498321742,498953842
502430289,502807969
19298193,19643777
501799752,502297358
19463236,19826944
16953091,17268338
507243362,507696223
501992655,502575655
499886902,501556725
19352400,21130657
39760210,40234648
24346000,24659867
502536278,503005559
501015017,501509723
20459388,20738488
495156631,495572010
505256557,505718411
19615074,19892320
507212258,507568470
19667995,19986034
502959644,503318459
501703540,502243762
512970011,513476344
20933408,21243633
19536232,19875428
16631060,17008500
497806879,498235308
18168543,18506655
18039525,18272421
624684029,625203438
501907559,502258163
500188498,500604426
18736263,19014599
20306828,20665763
23356518,23626476
498839668,499358912
495090436,495512123
497285738,497775622
494416194,494848920
496445815,496929825
20128891,20398068
18331731,18618088
498883405,499271908
20846800,21255608
498303599,498836301
20277931,20654003
516930607,517375702
24045787,24389178
20499922,20870276
499270122,499763997
497586979,498008910
19487040,19771298
19957320,20229280
499140318,500836743
493957662,494348804
497360028,497765724
20258531,20619111
501697735,502275325
504488085,505041145
495148746,495627763
498315596,498862944
54190211,54580690
496193052,496602782
19182401,19576884
19552717,19913820
494512590,494857732
24509458,24868665
501018703,501540320
498469908,498935163
495628589,496146102
17207602,17531238
19582548,19932063
498277383,498752574
495311846,495794035
543738447,544089899
509656052,510075404
493864622,494276505
18519459,18885151
501786900,502207438
16759177,17032300
21425440,21761130
18071538,18442572
20369532,20693634
498192898,498655233
19609147,19897863
494614113,495116134
42686243,42967076
20266180,20531776
502986191,510875908
785823715,786402023
19271823,19683691
504654800,505200370
19452038,19828402
32302738,32842588
521066849,521549614
19056882,19342428
530853449,531251942
505030506,505500055
510527831,510911580
496645592,497043260
19059432,19418611
19825780,20068303
502001865,502492071
497270560,497670086
20294250,20539896
20132442,20378895
16283723,16609224
499356075,499697886
502903419,503480049
19830889,20144913
27331927,27680429
502165778,502560735
506349546,506745780
494894643,495290192
499032349,499563185
20218393,20485014
20351004,20600945
20127763,20365135
22929802,23238261
21359541,21699708
495705380,496332004
22604616,22957708
19432300,19790996
497602569,498084164
17271307,17507777
497115584,497450504
18243949,18555577
17853236,18123180
18070032,18328589
19614908,19958035
495482733,495882769
504777724,505157167
19882097,20222028
19998205,20416579
507780011,508266431
497641777,497998874
495592875,496830862
500327065,500791355
21372551,21646967
498534953,498840636
494425203,494927647
501659887,501965419
501178723,501542156
19551646,19787183
498613859,499039438
497895850,498329488
500170341,500653712
18287193,18605160
501933569,502373661
19991223,20334230
20297475,20611891
20081087,20495431
502291711,502612282
508749363,509127242
500068095,500374588
499474370,499950513
23244752,23598454
508817923,509129991
19484433,19856676
499288886,499635875
505629674,505985908
20902294,21148888
501436017,501720590
19245025,19583219
496535216,496831177
500726514,501086712
22590993,22827747
500084603,500397666
47010102,47274683
738646926,739117275
496694230,497088651
497547821,497999022
497965555,498281951
19471029,19716098
503964289,504323953
496525639,496835145
506871004,507334926
504530804,504945985
500251976,500673270
503586139,503980857
20267978,20594647
20088348,20401507
19762053,20153448
515416630,515730805
18742381,18950586
499789123,500375922
20079181,20311702
496735404,497165893
493161235,493585246
500910416,501282558
19821036,20067288
504282756,504637929
501092122,501416028
19129333,19516267
502746366,503116932
505669285,506148062
19903283,20265040
19693271,19992567
505240611,505936818
501833883,502293750
23735433,23968711
19412753,19698619
506819775,507203351
506106147,506445203
505360322,505807514
497377683,497703212
17546386,17818435
497263529,497702880
20247503,20512924
500490961,500784305
20325114,20594233
498961219,499257234
505956001,506436525
501588892,501895184
514303953,514685737
502917688,504879963
502413922,502957465
503570084,504096594
15881988,16114392
510227015,510617759
20037073,20317564
550405289,550738870
496932100,497461476
501873101,502261824
500163476,500476212
496758654,497015852
19737321,19919100
496201619,496626289
503953826,504327948
496080227,496473421
500652705,501056091
20269336,20572865
19380995,19671801
20385087,20694413
19604786,19883920
509149255,509517552
502463503,502881730
500723504,501006065
18700381,19007590
19493348,19746553
503749501,504201347
535987653,536267374
503830742,504264064
20801546,21037222
19712636,20029585
503410933,503814377
503907052,504337164
498198408,498551263
502962964,503371502
20284856,20496454
20318114,20529646
20011661,20218607
500609975,500952185
18431201,18654764
20492462,20716239
20066699,20305259
518617653,518943582
19457383,19745429
504186853,504464128
502643746,503172909
503709418,504111774
21513911,21709973
19114581,19292029
500109778,500501740
500398425,500757824
505961942,506289946
503998071,504274535
21885796,22078414
496423117,496757579
502258662,502538757
503147888,503504314
506553947,506840608
19654573,19849873
499321320,499761054
500671925,501057477
502240538,502673348
19590237,19894744
505664507,505968010
21823171,22084497
506368010,506649510
20479446,20687520
19758450,20014252
20200328,20394096
20235638,20568092
23840096,24166034
20532354,20822721
18771968,18982507
500351326,500666136
497874552,498180513
19674141,19865664
20017471,20212889
523755086,524064664
499391623,499689905
500306933,500638489
497665014,497949270
495300019,495654565
20404147,20628694
500647898,500925004
20281618,20607735
498464039,498758743
496265538,496658342
18109882,18302471
493168585,493441226
504139276,504524366
495467006,495751822
22833199,23052544
507288005,507621266
20162193,20392076
505154816,505465320
27077722,27359171
499613151,499972850
18045674,18227864
501005956,501306728
16748261,17019789
499459092,499738838
20632959,20881533
20116798,20337878
16284814,16471807
20191663,20418430
501965669,502366094
19605215,19921434
24336907,24709063
16948084,17251579
19585322,19782410
500516323,500928090
20343073,20531297
19561466,19756425
508090118,508395219
502969713,503308032
501808667,502134303
20194542,20558970
20322193,20582463
502239082,502624368
22921898,23161938
20302606,20537313
499641472,500037740
19945680,20189292
23157018,23357544
18934753,19106299
498175287,498441366
510359640,510701646
19919021,20139177
498273990,498545528
508318640,508728706
509439685,509728320
500273579,500615062
506533256,506877923
498385544,498776352
506577012,506870324
42728355,43107966
19795992,20168203
502017331,502479544
501453224,501708454
19944601,20150996
20143342,20340330
500600396,500885861
500714236,500957382
29602290,29842133
504077734,504374167
19071660,19242009
505407292,505643240
16585505,16780479
505015646,505272246
503673014,503965167
503141208,503380419
499146814,499436013
501438552,501693301
24444721,24633602
22088890,22399431
505400845,505827836
502992080,503320698
499119288,499397032
21800421,21978086
512004773,512259880
499361650,499736131
21839484,22042892
509228460,509632954
20874207,21082386
501500364,501791804
499906498,500211484
504482795,504758756
512807229,513182636
501851948,502138776
24060227,24249242
495958907,496238586
24420839,24644990
506355912,506670842
19279629,19497575
19668764,19847867
18617349,18799650
501228186,501532448
19974508,20171498
24246736,24422257
535961060,536257257
499188759,499487977
497975161,498309982
20156114,20417433
20804477,21129540
21413671,21709200
507012594,507373889
501156466,501585605
23861071,24150887
20333249,20613701
19080194,19366083
23544178,23868079
19099672,19381435
503797750,504226069
511406468,511769651
506760795,507135006
506763504,507124589
508868222,509267159
505690673,505935790
500140388,500441255
502686203,502922563
503443051,503739739
498650250,498897011
499463517,499746314
20074138,20265767
20118568,20299106
18769814,18953391
20315843,20509769
508013903,508295678
18990101,19199747
503680823,503925603
548080436,548366114
18468544,18650537
505142439,505423864
542555173,542830628
502062319,502344546
515835171,516107581
20183217,20420366
18881472,19075473
506647978,506899693
501888666,502186553
23141259,23344116
507859831,508109445
495559425,495833994
499616016,499878260
501404226,501761617
502974700,503243925
496708260,497006106
19384785,19574884
496975813,497216025
498227282,498524887
495695405,495935027
500749828,501040213
496744406,497041157
499098446,499384083
23756195,24028772
500151798,500505170
21706296,22041236
506373933,506715203
22191806,22397315
496223320,496509799
498060157,498304065
493782972,494073707
499514804,499789369
24437138,24660019
499652858,500094110
493718673,493987421
513362232,513654562
18840228,19034168
496367577,496609474
497851214,498239055
19821553,20034006
19774012,19957579
19740819,19915780
21127786,21305119
492297650,492574355
20066643,20253672
19711815,19888137
16272531,16427105
499776733,500073096
19705231,19884940
500535739,500828877
22039471,22272051
19731762,19923741
543170312,543422897
522764892,523166384
498133630,499794059
494174893,494574600
19224257,19420689
497722275,498056905
24269771,24496640
501135424,501429203
497247954,497524532
23945194,24128534
20207125,20435190
497443585,497696599
501397501,501794344
491951013,492208771
19321808,19501830
495272334,495619862
498893521,499139070
20064041,20263190
496184396,496464649
19688013,19864239
20307159,20488666
500709945,501002186
494250494,494525192
19200192,19400660
15437779,15614672
498146521,498387339
505599154,505902100
499350594,499603503
498929440,499213147
508350848,508726958
20147357,20338199
18062184,18261342
18654030,18836350
495608354,495888843
20245225,20434354
506972036,507225008
498685702,499046342
497591705,497876610
492152916,492439630
492416396,492657431
492600590,492873452
496067606,496342073
498233449,498521927
494264379,494512986
497919845,498200565
491341782,491582183
494863592,495176824
20086130,20280891
492557679,492907721
20125794,20451016
19001289,19265216
18510665,18770919
495343431,495585310
23932141,24130945
20307299,20537635
494877086,495130327
491163491,491442227
490553768,490783784
503140524,503449575
20448759,20626764
497471360,497758313
499234624,499568310
21121431,21303274
22355473,22549250
497512548,497756544
20106923,20329954
493184094,493425888
18203191,18372743
19530427,19729543
494116098,494372024
19360697,19536415
503972096,504258462
547291748,547605985
22107446,22321542
494873241,495115386
56456273,56658975
605220030,605497347
19395415,19593269
494702140,494961319
496276516,496605851
17892164,18067822
18339495,18511453
19995430,20162175
17921223,18118806
22366136,22593665
18907213,19107565
19469319,19636961
19302140,19520408
44437616,44632309
44689895,44875579
19580984,19764435
28105374,28284522
495410050,495832248
23748107,23940972
17765498,17950494
497955944,498243158
497100538,497351679
491288973,491572893
21627643,21825519
500640672,500875631
518805090,519136589
20395118,20624658
498616929,498944679
501868032,502262642
500057309,500395625
22686682,22948523
19947355,20240765
501090031,501475937
500749750,501061045
498190803,498459138
19653699,19840165
507717705,508087672
506442118,506709269
501843105,502117221
502182100,502420292
501722212,502015616
498963030,499220998
20188548,20379215
504129360,504429414
496601996,496886754
20153685,20365129
20112781,20292303
18650803,18829205
19708290,19932578
19991305,20187603
503138912,503419034
503174978,503409006
501090961,501367600
534998485,535249715
34492875,34730131
505363257,505614772
495665090,495937648
20209786,20388652
505121079,505365607
20154321,20402754
20207490,20415665
500167675,500419987
19263582,19452437
507171520,507452594
19790613,19983277
501516619,501757604
500082699,500369315
510135506,510373478
498588132,498877512
499552185,499908209
18552604,18824300
503492440,503875814
20276291,20531116
21938148,22198855
499255788,499629166
500605709,500846510
19679100,19872652
19722701,19913339
503255649,503531614
19408078,19661214
19381399,19563589
20546624,20843260
19868428,20060289
502170110,502442856
19244573,19438364
499914825,500241273
509474733,509768190
492014869,492254357
17150357,17340053
17708315,17908807
497687614,497958790
19845565,20039898
19803334,19998846
20074268,20263296
22244017,22437655
19353931,19574902
492943452,493270653
497390277,497644672
499341530,499621522
23084102,23286769
545876204,546142692
516546637,516843709
21807657,22005715
501847041,502107174
501990111,502330426
36833124,37058154
18324329,18518963
490178708,490427462
500947170,501230767
496974483,497239326
496236956,496537920
18147904,18346199
494297082,494536281
497275154,497620101
501478227,501720017
19658381,19854448
19758983,20058476
19507803,19829409
504137677,504481459
494564505,494926048
498580661,498840468
503028193,503325760
23373881,23563388
21774973,21985818
19957400,20147335
496756794,496989298
495919362,496211100
504132676,504393318
19804878,19991820
541788964,542169674
499007766,499287656
523922693,524225537
18930983,19097567
496579304,496824030
19462597,19658334
502395522,502667824
499437433,499680577
20134786,20323454
20302036,20495629
498699644,499048688
19691253,19994439
20042311,20328596
499912862,500261232
501021083,501385139
497036706,497376545
494234776,494517852
19350311,19553768
499467433,499706959
20561681,20747069
20697439,20923711
498361318,498694570
19674012,19867323
502927732,503225607
501282071,501528005
19936176,20128618
19345692,19582037
19328214,19518070
18542051,18741215
498872363,499122038
499552205,499830652
498669857,498907579
502836431,503130036
17270629,17451646
497690232,497984179
18601922,18822398
21981071,22172080
503941386,504258871
516033755,516321473
496684483,496929266
497533288,497809542
500323571,500569658
19475820,19653686
499214160,499522580
20166222,20412893
19808482,20036759
496428387,496754058
501070599,501429846
19308259,19538183
502577688,502876253
18405459,18600523
499650898,499966565
34289540,34467891
19948656,20256685
505029321,505306850
494220389,494493299
498314582,498576623
497833600,498072331
497170757,497440163
510455368,510750828
499767121,500029362
498939857,499183800
20065370,20346697
503204139,503559849
21017194,21298477
501509453,501837070
23654004,23850042
496095188,496341222
519080314,519394873
498442741,498688340
498250038,498520326
493125165,493405560
19959704,20109600
20971694,21176412
500544864,500873344
503916205,504172528
498718854,498986514
497446683,497704989
492682004,492947431
499982217,500229461
18816336,18997095
503726629,503994860
492268288,492630565
21301441,21558517
22932150,23250816
496245028,496562793
20316300,20598282
501038647,501418816
20347421,20513820
19800847,19999518
20216905,20416856
499083939,499355694
15794603,16061730
17971048,18154271
500557925,500854202
499284902,499554688
500292302,500593392
498481938,498725519
494412824,494744126
499344306,499617593
513723551,513975430
16933362,17090964
20902250,21064695
493385085,493624872
20095374,20298339
499384618,499673594
497095996,497370739
497696384,497940174
19211702,19382491
500218394,500498224
503785006,504073994
501203007,501524965
19537448,19725524
490509019,490768235
499530120,499805805
501662339,501894632
501270099,501589509
496047766,496338089
19771311,19961019
498327968,498614078
19250383,19426738
18873927,19142929
495795732,496030073
20161844,20320683
497288380,497564965
18884902,19088358
497920116,498162022
19045617,19305405
500920203,501203843
496441195,496707782
20520952,20680516
508164906,508419805
503619185,503889707
19870666,20060461
19489108,19684231
19616794,19798986
497952104,498193816
490220268,490502559
494637747,494871182
18022625,18232473
489899243,490147572
497409060,497702421
15553405,15729720
19853953,20060939
496529758,496766292
498882187,499142330
495451495,495701350
498220416,498493552
20135292,20317885
496929533,497166920
20073069,20265334
18956603,19148297
19495006,19668289
21616012,21776455
20040197,20221593
21795551,22007414
20432165,20636424
497256921,497525149
498618706,498867940
499641452,499890744
505114706,505382615
495654304,495915403
24117039,24307138
20161381,20326798
18677239,18865297
500546450,500778829
491198959,491444291
500020269,500260787
503129953,503433451
20899298,21068322
19363653,19528756
17729584,17924350
504749204,505035186
500234201,500549034
23290625,23497885
500486434,500773753
511377073,511666100
500409879,500657934
497245052,497508403
497955375,498214775
31309775,31508485
508327464,508625019
499328180,499577774
19882527,20052642
20372387,20605384
499668408,499942253
502433467,502692332
19185557,19368425
17305425,17485250
501384598,505977294
497199987,497494699
499262772,499501825
29763438,29937489
20767641,20943051
502362612,502630326
20238360,20419965
20182639,20369783
17476882,17669276
504724046,504994396
510654128,510895623
19273116,19456651
498363210,498625674
503519868,503845215
509451134,509722525
498813748,499053104
19726633,19887423
494212589,494478856
496591440,496832697
499571788,499823810
494842883,495083902
505561856,505837245
18023808,18214581
498618046,498862033
19701817,19950907
495985122,496372816
496359837,496747568
500940871,501223986
499087551,499342688
499167973,499404732
498146839,498450369
496225027,496468228
496399371,496680476
492341260,492577322
505543931,505822200
15481389,15663051
496441600,496664471
497038727,497317395
496211185,496443190
19502233,19776527
19415607,19674521
498909024,499294291
499838201,500123164
20092005,20285145
20370847,20538507
496740095,497018172
497530268,497764919
498614242,498934359
497839184,498102138
493619060,493900733
20041501,20186072
532075772,532309895
19982451,20165072
19702485,19876600
20639069,20834698
496705325,496987091
498138388,498429282
19448722,19611492
20005186,20189430
500422286,500664085
597140653,597402883
19690972,19875111
495609967,495849992
498605599,498876678
499703412,499972230
22016440,22173601
22764647,22948137
503557270,503880837
492116782,492386633
496446828,496726242
499335757,499577880
19969627,20167328
20081118,20262717
496529807,496810709
20070906,20254822
19338139,19520826
493922822,494159940
21617493,21834116
495128901,495376231
22485655,22655338
19661305,19835255
492044910,492278419
15929713,16088980
496053045,496312445
497790620,498011620
19360753,19525325
20615616,20811341
497146784,497398055
19108614,19317252
496103661,496401161
495052532,495292534
32120842,32326959
20157461,20369265
498633465,498874854
498258587,498525639
17174071,17356481
19358821,19536689
495344292,495575685
497726512,497986383
501637513,501870519
496845945,497106796
21945476,22226889
504786851,505178274
499588353,499932862
16764795,16980865
508464058,508784476
498664919,498941099
19600188,19769148
503684297,503973368
21050282,21256225
19191301,19360718
22313514,22510342
20203582,20439696
505176428,505458651
498317876,498579278
503132499,503414488
501407973,501711109
18426520,18611946
17952136,18099042
29973097,30184171
20212087,20436417
23640047,23834715
501192116,501514210
20326719,20514206
20385280,20586887
17700214,17861698
19780876,19936164
499333846,499596354
20063740,20222407
18411139,18570991
26071323,26312533
499358985,499712441
22341579,22616124
494620734,494933800
499098575,499437700
18342647,18606863
500786600,501182694
21061829,21333870
46478726,46671907
22685030,22875180
19358922,19551111
21008760,21213707
503190386,503456324
19793489,19977678
520038023,520280483
496962125,497224420
19666041,19849494
501594384,501847871
503436799,503677292
504010018,504288108
503945933,504240738
499137383,499394763
502283924,502548570
19329897,19500557
502308155,502530821
504925916,505201201
20008140,20158331
499643019,499865121
502289131,502559624
19424051,19577655
22192102,22358650
18160323,18414633
506843700,507221299
19312458,19550774
500815939,501136363
498722934,499054462
500050362,500342111
18594506,18752352
18265309,18431111
497452639,497698825
20212709,20384883
499124118,499371335
504567873,504832093
19319389,19500005
501605316,501854854
544690920,544949325
22909941,23085464
489139604,489355110
18567012,18751961
19811167,19972690
503224107,503460758
19701481,19904626
506159001,506405764
19563663,19721720
498707904,498956354
16982619,17140367
499521774,499743275
502583898,502862530
19287044,19462730
17857210,18010076
18991668,19170375
497170226,497427303
498602843,498867759
509701596,510011941
504040827,504288522
22544092,22713755
499354835,499620533
502106809,502420143
19302196,19454206
496019335,496242546
20135071,20291175
16043225,16224143
497910702,498158986
15108759,15275616
493185944,493421499
496655915,496899559
20065746,20232211
19961894,20117646
604908054,605139250
20137915,20312585
19325625,19479466
617582825,617856918
22632137,22807288
499047575,499334994
505086484,505323131
506403579,506668753
499360843,499586598
502421901,502719206
18470147,18738460
18555606,18809601
19447065,19719569
492906123,493269365
494262767,494597885
490481701,490712513
14875129,15029217
17040474,17192191
496667455,496964526
15095873,15271986
501647411,501867896
503276655,503554116
18200539,18366029
498926058,499143661
498752051,499049517
20380458,20549758
20225494,20405824
497279269,497504240
496850505,497097614
15571660,15731361
19352903,19515327
19460386,19610256
20516704,20671307
19311825,19488196
19701476,19852118
19758099,19972802
495409574,495630199
495817388,496067960
20207185,20373143
495135678,495406432
516595662,516891739
498553078,498788764
502975098,503223827
19519524,19674991
20866544,21056902
500492263,500714782
18626552,18799200
503260716,503523612
20109727,20291912
20122458,20296119
20101313,20279194
39931760,40118714
498479710,498733509
20297407,20471619
498617757,498849462
501472499,501721166
19825109,19995497
501509174,501776539
495949034,496189372
20125599,20267918
498567993,498782631
17702021,17854816
501987662,502356751
19373413,19620253
498264272,498594443
20531502,20815464
19400992,19684569
495824680,496126079
20369562,20545035
18123775,18371874
499448478,499684357
21020654,21196481
498684598,499039732
500762651,500985984
18288247,18458284
501399278,501659525
502713586,502985467
495307967,495574715
19465405,19658682
497714884,497941362
495308849,495571450
16745699,16932059
20046088,20221274
19443752,19617396
27531163,27709697
20045912,20216099
498697462,498954805
19707932,19888117
500680226,500901391
19658210,19858440
502361081,502589277
19670507,19875576
498576389,498796294
500237000,500492015
499471156,499690588
19419415,19597448
18304367,18463454
496907771,497172964
498609433,498830409
19261235,19438923
19564686,19731008
25289333,25486872
497878286,498113797
501019993,501279427
495336514,495573329
503487567,503752005
500040881,500312293
502390868,502669651
19711909,19883783
500302397,500538561
511948964,512198557
501464258,501693197
19868162,20048546
20024944,20197594
18091966,18267138
20367504,20557097
18780235,18939025
21375893,21537361
502127980,502455976
498164689,498404281
500088444,500318770
498094088,498351947
499199844,499416932
18322148,18499989
497541242,497806766
503981321,504218829
20392731,20568726
19462175,19635477
508211446,508497740
504665056,504899426
502905704,503150098
502461449,502764200
506383412,506636166
504974523,505198027
506038395,506356101
20720699,20909919
503560548,503783352
506087658,506427321
20131109,20304560
20222981,20375599
19748759,19893582
20192784,20374200
498100561,498381602
505996445,506261892
20543497,20686484
528951046,529206845
491627500,491965524
20420099,20697891
18478813,18761597
499160793,499400657
496818367,497063181
20283001,20462870
20243128,20402627
19610787,19789548
17638382,17827325
20304879,20494389
495189452,495430368
20288054,20466040
20307550,20495896
18284224,18463377
502393876,502651266
23908126,24099268
500848151,501135161
499971630,500227036
18793369,18964584
499492200,499732034
20065578,20275654
20176165,20364873
19548748,19726838
31461463,31654404
497617224,497883052
20123441,20305819
20081053,20245018
503006356,503238083
504714206,504987969
497229922,497445081
19750998,19929397
495189782,495482861
501551607,501783326
500031952,500283346
498988396,499212441
519309194,519572219
501451751,501673027
499194527,499582896
20526280,20703678
20359619,20637219
20357584,20608186
24671404,24930325
497953403,498290893
19489128,19663301
19584755,19756226
496765060,496998098
501468815,501730502
19715437,19895972
19464466,19645375
22730060,22915976
20964336,21132260
18238931,18427674
19150000,19329361
499471796,499723621
500691604,500945097
496164716,496428193
498539624,498775794
505143827,505427857
505089406,505326834
503872653,504120884
510178013,510409934
498327461,498584570
501169709,501424085
505195214,505447695
19682200,19838857
17341845,17508090
20140246,20333188
507207110,507461015
24156256,24308398
504112865,504372120
501739973,501983817
500341883,500580132
19535635,19706895
20606745,20770549
20305911,20480538
24625485,24809479
497934553,498181380
19997256,20154093
19106347,19269067
490599602,490853340
502297479,502521045
18595409,18779715
499316845,499597219
20627000,20827592
22374241,22569084
19964166,20130187
498786142,499092469
498906881,499150220
20397006,20573909
499713070,499982511
21471183,21642186
20127738,20300828
19306593,19491829
21856862,22029831
500186651,500440878
20442705,20632454
19479496,19655626
19126304,19304661
501124399,501376523
18085854,18252291
500337833,500575072
15408469,15600239
19798632,19971072
17765007,17930178
20101645,20279650
498564679,498838950
500736351,500975811
21639439,21798315
22312507,22482235
502115635,502359151
18904449,19082350
503954683,504235705
17523794,17741599
18262154,18415004
15827528,15988809
506996864,507243507
502567708,502854100
19671841,19825155
20530219,20742216
503419114,503663380
19125187,19326510
19944702,20109136
19793396,19949033
501243565,501490564
503261711,503489254
494158599,494424566
502341745,502586361
501839563,502089283
500772096,501010120
18836689,18997667
20007698,20164983
495872613,496148070
496045761,496318259
23193351,23378489
499360375,499604345
20187337,20378673
494735203,494963910
17774245,17968891
15134654,15308615
517616444,517844287
501619443,501870630
500602132,500821757
506105511,506399181
515632349,515940342
504952666,505293991
19686079,19861600
528153417,528376746
48661936,48868167
20194625,20369021
506490420,506712796
508593115,508861090
494825112,495107362
17479041,17698031
492068209,492351191
499114081,499363926
20033626,20238029
494449473,494706058
16717816,16878685
19142743,19324436
19414574,19597120
20423606,20617333
21771306,21939704
18474821,18650780
495160681,495415327
15207289,15363069
500036691,500267763
500853481,501152555
496997800,497217442
500555164,500796422
19859490,20030717
22542411,22715527
19446551,19690500
21372476,21643071
20167292,20427650
499099115,499380674
29651195,29833932
497456705,497686116
22189919,22366714
500272316,500506524
500634799,500859134
19319463,19482981
499524543,499763733
497753958,497972050
19411041,19562241
20128468,20319746
18918787,19107466
500015067,500268637
20958434,21130262
25789718,25971229
19113896,19266675
17838326,17991809
494569885,494818829
22988728,23155041
17607012,17800579
494258988,494523573
504486763,504745903
20933246,21126049
19171990,19333296
499035382,499279220
496303041,496603182
498261764,498528113
500275165,500539677
499576627,499808899
502912855,503155091
506905830,507162124
506204801,506453681
496616154,496849553
494520704,494761039
15986698,16164517
497025351,497366550
20158060,20441483
500539570,500761194
501814636,502073193
503742353,503972172
497988911,498234549
23291137,23468571
502181948,502414819
20031347,20238067
523653681,523887156
19455170,19631186
17621871,17810763
497167702,497398695
500647492,500899909
500025898,500255534
499406977,499656259
507206538,507429743
498488397,498735113
512154954,512386752
500182937,500480370
20030491,20183099
505659876,505931376
496398674,496639043
500233431,500463721
500176134,500455288
507594799,507840901
30155371,30329575
499870388,500117993
499159959,499403786
503841186,504074831
21147715,21341240
499427790,499648028
31505057,31708191
18796834,19016949
496615048,496848289
18042175,18222965
503014766,503242976
16396394,16597994
497837916,498071103
18749392,18931797
500688685,500936472
20622232,20793636
20059795,20289908
507233449,507609159
499036693,499371247
501517276,501851075
19087060,19269632
19672046,19836870
21197014,21364158
500244166,500504675
19710778,19876000
495302874,495513742
19722119,19889686
20187572,20384756
18514438,18674118
497765802,498012067
502231434,502484730
504670288,504891619
501919959,502184119
18653346,18810649
499055553,499288453
20504678,20682400
502133579,502349448
505845257,506104216
507056962,507357417
502353833,502609544
16982307,17137282
22577568,22740160
19930499,20091419
499170187,499449163
498981742,499245739
24727170,24886467
19307588,19447791
530970482,531213218
20277355,20445707
495519637,495749103
503299233,503551870
20380053,20549670
20000430,20170355
20123980,20295542
17528431,17692850
500444376,500692294
496261203,496499296
497125973,497400673
19839122,20000620
20244220,20402265
503432802,503658410
495224676,495469134
502575131,502847172
496576306,496835592
19961324,20135273
19366750,19537107
497404744,497638119
500224338,500490751
504774108,505002541
501184835,501491887
503238357,503461573
20169441,20349653
498367947,498597513
501320837,501570586
500846639,501060795
22317637,22488240
20056992,20229317
498112587,498394923
500877305,501101104
536034155,536285976
20360525,20517442
497876624,498098958
503150844,503413653
500426170,500699516
20432874,20623242
501213074,501509634
23575427,23752531
20063292,20243038
17910151,18064872
20092772,20296608
21420224,21620465
22806129,23013076
20078129,20274950
21993431,22177253
17617345,17789885
498021215,498257515
19515028,19711230
20774621,20943973
497711581,497931699
18080028,18253910
500159478,500503568
499791634,500100628
500702539,501034833
20117293,20333479
501884141,502214266
19419112,19631406
19571384,19814907
500091944,500313172
497580031,497903729
24178467,24351889
19164634,19426901
503207866,503527702
19285654,19574857
500694754,500931670
19727676,19908369
19907831,20090390
506378012,506603662
499998691,500245497
495044331,495268975
499077294,499317584
504499495,504760382
500177156,500459948
19632567,19794358
500065520,500293438
19931854,20114683
19299871,19468786
14703648,14844996
499691199,499935173
19553654,19704847
499358649,499579557
20446869,20671184
18880022,19061684
20059810,20231015
18865838,19037328
503835810,504096362
502601485,502825103
19046039,19216780
497802132,498083369
19472183,19631848
18004054,18163494
500900626,501165750
497938287,498184332
22596454,22757266
500684137,500901427
19965441,20129634
19550014,19702139
500831891,501063691
20334994,20486194
497436576,497664851
20159401,20325107
501265077,501527045
504214261,504447581
20043452,20191404
503031063,503300080
506338341,506559106
508106504,508402974
501471043,501739511
20132864,20278251
501974006,502209944
19879889,20057542
21252849,21406838
502877847,503132845
505121798,505343076
500905772,501171122
20314100,20449615
20352548,20526443
20124964,20277915
501999092,502264971
500549688,500776480
498761876,499062775
19238692,19391713
512866923,513092115
20186334,20383679
20058193,20208394
20026713,20194717
20225352,20387587
19847633,20023086
501362602,501629439
18915394,19084978
503043967,503259093
501809056,502046099
504161986,504388110
501837928,502098927
499452317,499679407
21872907,22024230
506247907,506481187
504860654,505161001
19838930,20008526
586631010,586918503
496674059,496904268
498809301,499053396
498077898,498349314
23716082,23903997
19771758,19948016
495119354,495346939
499326112,499562988
499040047,499276272
19539592,19706885
19631527,19786605
18890477,19074720
498994712,499216334
498972057,499221253
495714514,495941012
19412011,19582578
495149932,495397163
496990501,497210156
501575897,501820595
502182900,502418668
500490825,500780504
500236145,500461757
504515346,504754705
500971158,501207175
18751903,18924268
496675126,496922046
501096434,501383341
24484773,24648392
510172467,510459171
533725268,534008756
499275180,499541311
501136137,501359832
498275921,498515734
499726561,499961110
19742128,19917236
20427838,20597965
24007340,24205831
24989557,25151486
502839569,503054146
21259863,21428952
507926186,508203356
499230530,499466863
19975601,20123762
496337028,496574427
498356678,498579363
496131547,496388537
505171612,505434822
500252761,500533668
499886417,500110718
497860324,498108630
19783722,19956346
20244329,20425465
18174461,18346834
502429583,502697599
507423722,507652178
503367124,503667090
502033628,502266378
18674311,18818162
505052349,505290206
21028067,21230450
20259748,20421741
20213553,20392013
18589091,18732186
20993735,21167095
19742124,19909109
496311736,496534154
19180296,19354955
22076979,22241597
500569771,500819277
506421530,506725363
499507789,499753903
501795059,502115034
17288189,17447684
20283356,20454216
498798514,499059138
502101052,502357441
500877700,501123966
495481412,495689944
500824327,501067721
20067705,20236748
19982070,20133979
19211104,19370968
500562509,500838687
20515627,20710098
17412263,17571148
18964847,19133192
501023582,501329813
18574917,18741603
20097713,20267287
495542522,495792563
499971623,500188982
498916785,499183860
20366615,20537319
503975587,504215776
501071715,501332818
20037135,20215713
20339382,20513997
498833809,499054426
20237041,20415582
32717730,32897746
15631046,15794494
20140672,20285718
505257921,505533415
501879015,502117206
504020861,504267185
20152927,20288632
18221644,18365033
25970469,26159159
507148437,507427452
502774976,503031526
20104065,20261541
19306601,19499377
29628629,29826285
20061189,20229141
505232634,505458767
20134129,20297431
16548083,16715401
499050447,499317323
19432039,19603541
22328315,22500729
23530372,23701937
22491414,22744160
22768449,23034159
502705757,503041485
502628610,502861490
20454841,20694257
502853837,503211183
19838771,20077647
511418276,511737897
497006400,497341179
499241080,499458816
494250451,494562585
20222876,20498440
496982389,497306302
19365918,19549702
17341962,17503321
496184706,496412386
493623604,493873857
506484421,506732168
512339898,512595996
20223125,20390039
499953522,500177559
513041533,513297650
30738862,30937660
494064997,494286504
499548647,499817785
499751896,499975496
18287065,18452556
500781069,501020027
20176486,20341542
496393977,496622711
19130171,19322584
501909716,502143249
500361697,500653624
500746226,501043925
17394646,17593130
17907683,18077518
499109670,499348362
18901352,19083827
16590445,16770564
496435357,496702349
19765972,19987161
19837727,20025791
20329812,20499700
23758221,23925153
502887522,503126407
498434471,498653626
502404965,502647118
17552344,17723329
502172257,502393581
20964645,21160286
501487374,501829061
509250057,509574127
20173525,20434128
496308443,496639051
500160319,500486032
19865257,20037689
20010901,20178199
18848709,19011317
22298685,22466012
18577334,18754821
21366656,21635144
18710793,18989619
18754922,19045408
22352147,22611411
500932023,501249346
502917815,503167752
499790350,500010870
502425777,502669573
497319431,497540851
19499900,19652313
15455812,15620056
504495619,504742408
499317568,499534587
19679833,19866775
500563837,500799347
22257380,22420018
19742768,19923433
504223291,504487255
19602921,19758114
556798547,557018457
500394701,500641735
18434021,18583216
16941817,17080030
496784273,496987855
501649023,501890760
21344545,21502221
501836289,502062206
19605036,19793478
19646166,19799095
19413651,19584928
20636022,20800893
501786044,502071675
20394410,20580360
496378962,496636042
19821212,20006772
17501675,17667469
15117257,15255588
17166385,17305303
497444206,497676718
500398522,500616732
499715044,500013195
19348528,19514145
502595650,502821040
17362418,17540495
21045330,21212014
501891369,502105981
504126203,504401891
19210271,19379596
507450166,507670738
501334052,501624828
504495646,504715479
499307627,499560530
20009744,20166353
500150660,500364738
490853339,491114212
20156989,20446915
505155390,505472647
19396471,19658822
496602628,496825385
20475677,20655201
19665004,19887626
499669811,499895628
536237278,536477638
505394322,505632391
507237960,507515458
501853183,502069111
501563291,501800576
18378753,18519505
19365289,19515543
491422423,491647704
504071870,504331186
505880625,506100117
23906893,24083573
17819811,17993618
501195028,501422836
500011348,500269724
498087546,498312234
499369982,499611425
502128996,502361443
17155329,17293611
20245285,20409968
18999552,19155660
19575064,19799577
504182721,504400403
502911549,503153055
20783794,20955701
501971451,502212506
21828550,22023895
21381271,21549278
19537055,19701013
505556562,505770163
19436220,19599362
508282890,508501962
19331954,19479955
20398349,20559897
503832265,504098812
17874817,18019289
497879086,498111841
502050795,502323299
493582192,493837156
502424434,502680783
19220068,19385612
493899964,494124470
21794116,22000527
15913332,16076460
494908089,495125691
499215055,499459144
19769816,19931460
498140760,498392203
499891471,500149760
497909709,498150160
26693133,26859249
19690438,19856479
19593090,19755054
19272053,19469558
19154690,19342357
501546393,501773311
503410399,503721956
519868071,520118758
502457796,502709898
502999555,503211148
20108537,20311657
507631933,507929087
501653137,501891790
496684700,496903158
19562405,19705792
507339817,507629633
510187056,510460414
495975408,496239408
21058144,21203884
21535757,21692791
506652049,506849181
20117791,20288403
19368300,19538719
19726045,19864252
19455744,19600898
501981617,502279893
21495716,21650910
504628497,504876462
500102928,500349850
17437634,17594736
20379581,20540608
493376333,493604760
19839844,20139504
499042801,499344539
496630814,496864246
500985042,501217360
18422883,18578291
497426885,497689204
20454398,20624478
503913506,504178715
500170287,500405953
18853998,19016611
20132051,20296136
502210797,502479077
500517667,500774113
499119344,499361681
501771646,502008583
20261186,20413919
504288558,504538232
19987642,20136169
501355598,501630453
19636838,19790068
501279124,501562751
500299727,500510285
497364581,497615426
502919958,503160130
498796010,499033762
493999846,494234433
17020114,17169218
18744285,18890085
499237121,499501275
20276629,20453113
504547180,504781581
501080804,501336508
20296850,20470046
21908038,22074566
504327152,504580222
19587437,19727897
19662613,19838284
499794812,500039081
497440406,497671463
500755986,500971312
19538657,19702395
502555246,502793037
499529409,499754825
500285082,500535869
18287731,18498138
504045359,504279029
502584109,502849341
19602014,19778101
21984919,22147105
499646433,499869231
505416261,505657255
18314068,18481475
516263242,516475133
502682248,502945195
500247400,500463505
19565723,19746054
509410987,509677917
507079917,507328249
20388931,20536265
20347525,20527987
505482542,505703358
503906508,504186164
24517005,24682768
19917669,20061809
503572137,503833879
501449427,501691491
18317586,18458412
503218349,503472673
18900451,19035034
17823135,17950668
18957385,19095971
499789959,500029609
495495015,495728337
505153434,505408943
22724704,22885798
495648511,495866532
494003412,494269074
507287487,507567613
20061061,20225687
23388028,23573742
15533406,15678333
502715082,502944238
497133104,497383215
497074813,497300754
19654052,19805232
533499088,533756706
498240193,498466081
19798188,19971533
20003104,20204101
20464706,20640681
508362540,508585982
20095517,20302207
15456938,15622873
495767865,495984803
495964997,496198076
19597143,19762857
19776055,19936451
498507860,498731423
507937956,508231208
20306897,20463482
502688481,502939884
497396325,497654928
19349944,19506931
19999653,20141353
494378091,494594255
496255591,496512600
19527337,19679592
20057632,20212036
21140895,21309401
19895959,20032436
494324569,494560999
498839427,499071278
497123854,497412205
19557358,19726132
498632238,498861456
498931760,499173767
20008094,20176466
496835504,497060494
16976190,17142533
24088365,24261560
501570887,501809278
500593215,500856789
500461693,500684188
17289539,17462577
22701992,22876962
498451720,498697853
19423172,19599415
499794346,500038192
507209112,507449779
497089930,497316132
18545208,18684316
503808547,504135806
489527625,489767761
494070505,494322347
499891783,500129788
504586065,504817190
504144269,504392165
19777909,19933575
19563182,19702886
502542341,502776004
501668474,501900337
21075540,21326465
499034522,499299108
506329935,506609792
20070799,20230296
19806549,19975406
500234532,500465454
497383313,497653669
28345471,28524485
19788194,19957905
501839850,502095171
22896305,23073761
501126255,501351090
528063067,528298912
497615408,497833143
500889617,501138435
496780447,496998853
19776311,19943422
495119638,495347561
496511226,496731283
19340729,19511725
499200752,499451763
500055587,500277238
496223384,496482754
20001591,20179820
19265901,19434464
18842071,19004747
21124293,21290114
497492561,497747031
20641419,20807855
711530824,711796776
501500653,501797648
496412290,496703365
20136992,20302946
496091919,496335353
499984241,500245787
496721116,496947419
499554717,499803161
497516089,497738157
503049407,503362999
20087729,20235822
499990677,500309719
538700051,539038161
17395481,17556982
492165555,492382872
495516444,495771810
494160884,494385747
19355349,19491668
494577328,494825978
19118453,19274874
20311586,20484872
495397609,495653249
495182217,495426119
502432612,502713514
502439622,502730501
501948218,502204036
497310186,497530674
494100736,494341048
19322462,19454988
24234933,24395437
501768591,502008306
498143472,498380890
20133440,20445646
502404952,502761202
502388180,502752002
498087941,498342719
21953579,22121432
501266310,501501760
498681886,498931355
498341277,498577450
15293338,15422907
504348477,504619480
19831767,20021296
497334347,497553014
497272631,497502142
501963737,502186555
497911049,498148167
19824318,19990164
19961362,20122413
500928361,501169851
496179037,496397685
496144621,496394065
501481015,501698557
497017062,497262699
496470218,496734276
18984221,19163660
499488886,499749677
497202862,497423901
22290087,22449573
20484649,20678779
514438117,514659657
493912235,494149450
495705520,495944866
500372242,500614130
493429212,493671561
17673798,17831738
22106573,22262201
502586426,502841748
20269465,20432733
17383817,17524411
499882176,500186955
19646284,19928230
19909185,20127628
514795826,515154599
500794761,501139507
503740528,503965954
23929958,24107272
24459787,24644963
498036586,498270853
499225423,499465278
23095970,23260398
503727291,506634453
500948671,501187837
499472029,499693427
19663445,19825159
499701550,499946149
24181720,24351560
500704804,500949724
