248100372,249354482
255214151,255749177
252381177,252880694
264312791,267994981
283080572,283608335
2928302145,2929698366
2963471738,2964642398
2972269775,2974319691
2995872923,2997802666
3006653104,3007595644
2851402889,2852709730
192924373,193439828
2890870157,2891993879
209166368,209756567
2938976367,2948769568
3029644917,3030466469
3076005245,3076717621
135144269,135835095
111395353,111849579
224082589,225674188
235757052,236239187
226806892,227176147
219254717,220868157
135129138,135798731
114971548,115846258
130118896,130814229
159313707,160053398
111090721,111782062
2905108993,2906257927
2961401044,2962389369
2954558666,2957600795
2897263242,2899264429
2934450601,2935861070
155762288,156414312
2977689927,2978828118
2998606961,2999379355
275134473,275578727
130783701,131445912
148013791,148473706
163036599,163559052
2941643427,2942356552
2968524663,2969486974
112289449,112974152
142594480,143161606
146341563,146945204
111847848,112502243
183858317,185100117
2986246353,2987043062
95989443,96740969
2962661783,2963406388
2994772611,2995511666
121717667,123079192
2890188910,2890763642
2900189177,2900676962
131023087,131827399
99426054,100032222
2852933993,2853545094
2875180013,2875892176
2873215400,2873978961
2744223193,2745302485
2533961457,2534720313
2506430198,2507553646
2506658848,2508338790
2449370994,2451265230
2480305195,2481108961
195379618,195953708
154045147,154658299
127986694,128677379
113053232,118196163
2594352227,2595132890
2619558203,2620115237
2615884445,2616298304
2585890038,2586533863
2663216560,2663891105
110160991,110819299
106472211,107952084
129915213,130533681
116327875,116974209
2613059084,2613800595
92294080,92980279
117862180,118492017
77030290,77674559
118778579,119496727
2651637395,2654258622
2775724427,2777825898
2556583485,2557247939
130096058,130595541
2586331345,2586827245
142811127,143141553
2489969940,2490478829
2489910248,2490473572
2514333183,2514800182
2542907189,2543345410
169187765,169626636
201193616,201614259
186978662,187456452
90576266,91311373
2586776344,2587521626
121073136,121624874
2769890265,2770646427
2688119593,2688818939
2673172730,2673768856
2710843783,2711335390
2664577252,2665158866
2623113859,2623553539
2560906705,2561460600
2520110804,2520911823
2316332755,2316964432
228787503,229323044
239495214,239844620
234357871,234662133
125261281,125978714
113748929,114213569
2400635976,2401412829
2629730051,2630542256
2746680838,2747196183
2765857789,2766432108
2735558185,2736202419
2764450180,2764945663
2794389462,2794808088
2533936447,2534598511
2385016067,2385655270
2397889405,2398324056
1764074999,1765035677
202417628,202914868
300064853,300499286
311425254,311778419
322496878,322882928
320744214,321070519
304826628,305194220
171492306,172030306
170013873,170632948
188164526,188682276
108576861,109230070
2695647080,2696373288
2709413811,2709822381
2720565149,2720972635
2748204231,2748775297
2540552550,2541197202
2467305490,2467921347
2532836541,2533472700
167397321,167910500
176580395,176863121
2382290712,2382865670
2399990418,2400349897
145704141,146237366
2502814388,2503413342
2605761776,2606510076
2611901884,2612519898
2583303322,2583898151
2641130688,2641837092
2657215880,2657824838
2476188877,2476819210
2538482882,2539124500
2496813269,2497219791
200635392,201086036
172680917,173050310
199377013,199826828
143853468,144400512
130851079,131359534
85024210,87817546
93375277,94083645
2728368759,2728815032
2764028354,2764829300
142383079,142917794
128563618,129094521
105762380,106397482
124611511,125322178
197782245,198436920
111136334,111813710
165465735,166090098
132586562,133132422
2940819017,2941472125
2960931433,2961363102
2903350391,2903726035
2970293139,2970697983
2985336993,2985748394
227751660,228352488
3000716445,3003882434
175653245,176183425
3000249374,3000855718
3038104743,3038679719
3031803409,3032451425
219260052,219792810
106886315,107603574
106225005,106786668
2932814150,2933533513
2878636627,2879174989
2888743237,2889139957
2869433784,2869793866
2911672788,2912081600
2647738979,2648331564
114247412,114833528
106442749,106786983
126226048,134029588
2568302558,2568986388
145685716,146212415
166151574,166604501
2557292493,2557760883
85777151,86346366
108076957,108606157
111889236,112507102
2429620683,2430126093
2416311632,2416982941
173564349,174079401
160350999,160707961
147726976,148013625
122813847,123308640
107046375,107411335
2678966639,2679623488
2686495026,2686923667
2695548763,2696047299
2637124492,2637659848
2657289473,2657630555
111406503,111866772
135752342,136228363
117631187,118059126
2650430250,2650978835
122640697,123088948
119836226,120437990
104790644,105394064
2763774729,2764345821
2630334069,2630978557
106334953,106811408
118594396,119178488
2673253442,2673596150
2660660336,2660982406
136463098,136976175
2661819316,2662475295
2637400409,2637901990
2679960499,2680574511
2591210258,2591850446
102193740,103270824
101580770,102064697
2628456444,2629210328
2657842731,2658536802
120652325,121163889
2610292336,2611065559
2574188463,2574729382
2611611433,2612164055
115116684,115688742
80701907,82118124
2579343749,2579895871
87171335,87722379
83283881,83853473
125424479,125782859
109825850,110598956
94160190,94725099
2629615178,2630228135
2548124888,2548611018
124031289,124670574
2537612927,2538179452
2511149291,2511779910
99338275,99960799
94650077,95046660
2488702546,2489130213
2513659069,2514050648
117809221,119018357
97187094,97653351
100490299,101089693
150198166,150778212
2593847152,2594169110
2654135641,2654668668
117202164,117777779
92962932,93418040
87383747,87945583
2559226579,2559858295
2476700188,2477286571
2528896204,2529560344
2486905948,2487525355
2493125067,2493461390
2486086814,2486669359
315334871,315930689
338814187,339208829
127821377,128260049
2588359146,2589003015
197598621,198125373
170832190,171337420
2676996354,2677566244
2690416541,2690870699
84273744,84596339
137719910,138177062
133457087,133812210
100324243,100897167
2694559375,2695131254
2681390714,2681807874
2627278673,2627957106
118960498,119518939
121306445,121680486
97636280,99408964
2697533367,2698187395
2617284074,2618000242
2671693790,2672242829
2528134371,2528691447
2435239959,2435811681
77178305,77765055
2426851767,2427287714
2456814578,2457383583
117420922,118068909
2531245052,2531791795
2516114113,2516659254
97387183,97964847
2539035018,2539563535
2493473738,2493987586
153567714,153933990
139461503,139849659
2563455607,2564106237
2590765387,2591243282
2597808062,2598172726
2512357214,2512837332
2570129610,2570707431
143764946,144146252
2596691014,2597258889
89367331,89977422
2699821024,2700418116
2568119032,2568673611
2590110153,2590383319
2644642142,2645155297
91673288,92229544
88374537,88876702
113105685,113790542
2641532633,2642103984
2659129764,2659623227
2641710165,2642330456
2599698923,2600018462
2676545032,2677055885
154352218,154684592
84943208,85300869
108678632,109182993
135989619,136438712
2671403224,2671939614
2623128315,2623753136
2587446202,2587967437
76922571,77460210
2615508462,2616000903
89615295,90179338
2549847211,2550211700
86204911,86783397
2645614164,2646224451
2597848154,2598339800
2572798319,2573364588
2442447201,2443001864
2439309864,2439614378
2255608277,2256181882
1899856645,1900426042
1779975985,1780512586
1649855043,1650420646
1545034594,1550239839
176020624,176549813
128383402,128851013
91625487,91861962
106089373,106466240
80212132,80712730
105259061,105686413
2612951746,2613619590
2608331464,2608623349
2617608190,2617886298
2600179093,2600716327
2564031917,2564358418
2669489045,2669783030
2440088600,2440700012
2385427048,2385819999
2328102406,2328449613
2243936612,2244365608
139585851,140184526
147021811,147254517
151746395,151981866
169376820,169867482
2514012293,2514688080
2552462786,2552913042
2553830414,2554130715
2562955616,2563307862
2582139423,2582453492
2551772539,2552369893
2381498016,2382064404
2394179762,2394530172
2392761614,2393050960
2365239223,2365522754
192315064,192794264
206726308,206994960
204886327,205148409
231918201,232271764
94203395,94776833
118304129,118704938
2627321698,2627952477
2645242724,2645629388
2642271359,2642561488
2655994557,2656375046
2658158572,2658487472
2660332566,2660651979
2443298184,2443830405
2431467318,2431785514
2367047108,2367567423
93306599,93869780
2460726463,2461150583
111916007,112259334
185610000,185834495
137017683,137388772
148273134,148798838
179618945,180056656
139289035,139764806
151827595,152093296
169624566,169879115
113412735,114032941
130802132,131055439
153101267,153468052
157579176,158016993
2656960966,2657546384
2665768710,2666223854
2675022668,2675403565
2697003585,2697475934
2904060182,2904663465
167166002,167576959
167690979,167910666
2704163241,2704696976
2706356241,2706616200
112208465,112741224
123502016,123876637
128830996,129171904
132575253,133023166
2597901392,2598533658
2595348977,2595869084
129484877,130080665
2510931906,2511452930
138945437,139395982
2495658240,2496293814
2589134304,2589610052
2476210684,2476652236
2509024056,2509512276
82357116,82845955
109044079,109456746
102024409,102557771
2499724544,2500122088
2497224796,2497626153
139157636,139680354
125553015,125988362
98710640,99243150
2494800483,2495283304
2463456883,2464053723
119137420,119646169
128652432,128925708
2529219651,2529757518
2474724600,2475253869
2530880739,2531565061
2451362106,2451867434
2463401824,2463821808
2465467961,2465731753
87266384,87778324
95629238,95856149
2479067737,2479564241
92935732,93391838
151520139,151864332
96858775,97454677
109077927,109450122
2545364326,2545871804
2477312214,2477902881
2517842687,2518279894
89305243,89809037
97451100,97812875
2485177051,2485701030
2499731146,2499996141
90194586,90739789
2548642530,2549274616
2504703047,2505093458
2477867320,2478393276
2376130891,2376694560
2406135139,2406418256
132642265,133215327
146137488,146477312
2411437015,2412074240
153512222,153923367
2378854683,2379406504
2403861158,2404179660
106472274,106885943
108405066,109028007
2442900203,2443600887
2415505293,2416087906
124211082,124811097
2511137754,2511779603
2512384079,2512711434
2513528954,2513780127
2437294253,2437795239
2535714551,2548386391
338035126,347282947
2551097612,2560821295
2589210878,2599524028
123750364,124289399
128686720,129046895
132246464,132624960
134550564,134849528
2396566116,2397167233
2402573361,2403057413
225465389,226025918
234350506,234641311
231029055,231293184
2517772627,2518101121
201634450,202125868
229469253,229999725
236308246,236861186
110922390,111476677
2884362288,2884998320
2889372983,2889928023
3051227676,3051819498
2989380997,2990039650
3003112880,3003674378
3013642601,3014172104
2677664166,2678153181
2704568775,2705074211
2504273742,2504654358
181785800,182312244
158581436,158789324
195348395,195645100
99916317,100422459
141026369,141419832
98148614,98644054
92162391,92553671
2454522453,2455071092
2469157273,2469646552
2434715463,2435381198
2534118041,2534665364
105928839,106323293
110124644,110353512
85048400,85619685
140376725,140926289
100367938,100875000
92621466,93124656
103518246,104054317
2677578712,2678048126
2684085657,2684535001
2535856359,2536367349
2548995090,2549430228
91754479,92363664
96154379,96561342
108273710,108649757
116687704,117187637
2607489896,2607943050
167244251,167681684
2612183804,2612658589
97040117,97540036
114391780,114833279
2659123839,2659653800
2620248142,2620822116
91982788,92463826
2628186714,2628729795
2593524428,2594073660
2547630200,2548128292
2537398546,2537861096
2484870487,2485345397
105629171,106116590
2464053858,2464549814
2498587065,2499068795
2456901342,2457384790
2492783504,2493240240
115295332,115761420
94250840,94768414
102697443,103218292
84651314,85094009
2454714524,2455182749
2498661896,2499093427
2468867782,2469359234
2501873910,2502319250
2446159127,2446637239
2448037741,2448473174
95462377,95914933
98396478,98730683
2491161474,2491720714
2489714246,2490072239
220705274,221025888
106974722,107454099
2515081935,2515569995
2527453033,2527916350
92470582,92967941
93213916,93686014
2606084148,2606630265
2590086561,2590566740
2619938977,2620418685
2625960760,2626355082
2614985636,2615376200
2540055618,2540415874
114140554,114603171
2488689629,2489103817
2524147737,2524540792
2600120350,2600607997
2516950159,2517410137
97073725,97653828
101239140,101743017
88683476,89195115
2556116012,2556604044
2547384844,2547792416
111268756,111771676
100463835,100946085
2541229457,2541810679
2526889727,2527508056
2580343367,2580899157
2519375451,2519659204
2554645764,2555075964
2515051499,2515321623
73873455,74187137
108240610,108707079
2545267244,2545746675
112412045,112980258
87367925,87878555
2501484293,2501920508
2501807577,2502170049
89399117,89921076
85070844,85601833
2489139016,2489593905
2519775715,2520346113
2495254337,2495722739
2538148390,2538563485
2560128074,2560541455
2495636447,2496095983
170019809,170398569
135980451,136458522
2624817470,2625276583
92914869,93369459
2653596692,2654236648
2654483661,2654948861
2625351315,2625827440
2632995810,2633443275
2642275847,2642822994
2580252175,2580727872
2569938759,2570397609
115992135,116376383
2505368823,2505754623
2520610942,2521052100
112176239,112674824
2492345109,2492868855
2496621607,2497193627
2482031689,2482667638
86700244,87324218
2474476125,2474992649
2499138197,2499529984
2508821803,2509338784
2550485703,2550902523
2422912465,2423368965
2406681507,2407127214
2420767305,2421181305
2410037245,2410432228
108575249,108925285
123638958,123982469
69930898,70334061
92794001,93267578
100208599,100692866
78735724,79201334
2487729166,2488287861
2466502998,2466959776
108627416,109138088
89963099,90451916
2478650139,2479085331
2490784668,2491079691
2442608241,2443115743
2365337937,2365790996
2345459518,2345786900
2345955143,2346315941
2277368727,2277835739
127153632,127519191
134310164,134507641
139337857,139524900
2299879968,2300125213
185512810,185870615
192996807,193188161
204613041,204839624
2313875180,2314341609
155805370,156089766
91716774,92296305
99600014,100053374
2365096857,2365552155
2376934227,2377269193
2390869876,2391305226
2425296736,2425838129
2500810143,2501200364
2464358788,2464808573
2375619764,2376040651
112654466,112914204
2360574834,2360888499
118158372,118544759
2449203408,2449718648
2498247448,2498747056
2514916432,2515276487
2520768021,2521050670
2510817838,2511031738
93698027,94155613
103695187,103958990
92830795,93290292
2360055076,2360492332
2408745411,2409078144
110536626,110964342
2370926955,2371156495
2373265136,2373516187
112905762,113162431
96086854,96409692
117782122,118265948
120587524,120848663
132774071,133064873
2299755597,2300166132
114723430,115039050
119895650,120102649
2309849078,2310144975
2257324183,2257843540
2280035237,2280328921
2243590269,2244048634
99601609,100062484
116638884,116990328
2260150969,2260504843
2301877367,2302308422
97278705,97816661
2368175860,2368605298
2559509116,2559964439
2562226004,2562476298
2569848723,2570158192
2592970003,2593331667
125754358,126263637
84365866,84742524
93814669,94279247
91730320,92196753
2583410684,2584047717
2535244146,2535815329
101627934,102119160
88158990,88669747
2576510284,2576943870
2476295833,2476730724
145193383,145618282
2537052935,2537342623
158398195,158599035
144275561,144465206
2484194700,2484615599
93707687,94179772
105703065,105999139
87882136,88344151
135393883,135710147
104442186,104914530
133822440,134230707
2456695635,2457184205
2462776583,2463014422
2434042325,2434446572
86264736,86700060
100749747,101089403
149715743,150116758
149213015,149417709
2429690336,2430094106
116022255,116529150
92346442,92717495
89512234,89994124
2408993709,2409230276
94293099,94809176
2500075919,2500519514
2477759189,2478205247
2521038146,2521428188
2700048721,2700547571
2730956417,2731173376
2606948614,2607436631
2584258494,2584700186
100427885,100922388
2595813799,2596342801
92169425,92641575
2600544351,2600930381
140257462,140843253
2616178558,2616746260
92571644,93036165
2649422586,2649891091
2687489478,2687706766
103283921,103769992
2857296210,2857671160
55438435,55922108
2526670968,2527019672
75925822,76370459
2588782241,2589050922
2564855229,2565256560
2573417251,2573887494
2581281738,2581516766
102837379,103315859
2547539152,2547905092
2501466833,2501859237
105190754,105488503
2577100301,2577558291
2526923729,2527231781
84529394,84951100
2514296476,2514649986
2509693971,2509976065
2581378640,2581638973
104372604,104796835
93635668,93901117
2550710156,2551099103
2532257802,2532723046
2524363388,2524752624
2459052963,2459254520
2423498636,2423714709
2025842449,2026242453
1997847711,1998114267
1882432982,1882894053
1744051334,1744560972
1760661841,1760991880
1277327256,1277836203
133195012,133541409
143528901,143755114
144470927,144674851
136668667,136855310
140870523,141130166
117519184,117901388
111081584,111248411
87242703,87667145
102932976,103210661
117309317,117830916
2483180123,2483647185
2498529666,2498816128
2498273305,2498461189
2501349621,2501644281
2524366516,2524658125
2356973530,2357355556
2395368974,2395656973
2452666203,2453032684
90517194,90829236
100212114,100443455
105852440,106095313
114401344,114638660
117430432,117671743
2421364736,2421765488
2401178371,2401593855
2444021481,2444539061
2439530783,2439739969
2440184156,2440557520
2456998729,2457374185
2497190362,2497566837
2483248952,2484940537
2498140176,2498431923
2490882482,2491114211
97122148,97505460
58557627,58950334
2097150649,2097685491
2099595472,2099864440
136268923,136743930
148371895,148664107
132394559,132684112
151901269,152068795
124158341,124621187
124215494,124458575
1736516411,1736985822
108015334,108484203
2602560605,2603004555
2605023824,2605378960
2629034166,2629238136
2660585646,2660885206
2633610790,2633852379
2542724340,2543128953
2542837965,2543023444
2470220074,2470579787
2481667636,2481882746
96697008,97058598
2484434196,2484908447
2570496254,2570980149
2586304267,2586618705
2588137728,2588334808
2566063363,2566277674
2605646345,2605853777
2611344011,2611529317
2471597802,2471965354
2495722489,2495961443
2458744633,2458937865
253025188,253432103
262377606,262544852
264353804,264520501
1612332332,1612783027
105753163,106169374
2479580741,2480065041
2483010743,2483200591
2502069642,2502328121
2505598431,2505785980
2520316300,2520597072
2531377365,2531563724
2144652276,2145044337
2160955120,2161239679
2166696886,2166893028
2022624287,2022913450
203886959,204207052
151215317,151469135
232678217,232856522
131316225,131483594
231911815,232091249
242676820,242835868
103989725,104356670
160502289,160806799
171427743,171689777
192447580,192637659
189421927,189585048
109449714,109842953
2628305230,2628810172
2647920095,2648210948
2565128340,2565425575
2593472690,2593887572
140245920,140495657
2568452166,2568640974
2605823652,2606195587
2452532033,2452957895
2592524449,2592892963
2553941387,2554294805
110698148,111132143
141483124,141870232
99371356,99594223
104349396,104777149
2492767568,2493132526
212782659,213218886
202389710,202571428
4362526724,4363037729
4370031494,4370420648
202423159,202890629
204094455,204381943
4644654445,4645008705
4653165643,4653388408
4628444207,4628725657
4938438914,4938911238
4985867272,4986228607
5297886794,5298306087
403216390,403529577
453690101,453861353
150305594,150797447
162557093,162892610
5289486810,5289798387
5304691572,5304962401
4308451197,4311932917
4309068411,4313011064
4223403883,4223768899
4219125689,4219532040
4241331577,4241546149
3371639164,3372068282
3224896623,3225252833
3249836675,3250258446
3274506447,3274755481
3289181526,3289557588
254450206,254899936
123079031,123624900
89627749,90065996
71871701,72307517
2618083361,2618606574
2625512926,2625730795
2640880260,2641162728
2642233689,2642426813
2648252470,2648444202
2594792579,2594996039
2498946810,2499342234
2477667321,2477888131
129147978,129465412
136246013,136408031
83779246,83945777
2378153886,2378369487
182494435,182904026
178903929,179091629
203074985,203450097
138034217,138469483
118374162,118871093
2704612565,2704966230
105738976,106249573
2829066150,2829584931
2850141365,2850447018
2861255783,2861505447
2812379395,2812646204
2894003336,2894238268
2768138177,2768570917
2751616045,2751859558
2524959084,2525262548
121897050,122295122
154920727,155261410
161793563,162039416
96401097,96786672
2155591908,2155807819
88469118,88790185
106493526,106754974
197895300,198265755
199269863,199420443
170835262,171167270
196475787,196646777
2292878640,2293287035
100292527,100826349
113000327,113448598
126180870,126556523
130189836,130419461
132121354,132360551
110889781,111334667
112588478,112913120
83060071,83506675
2481197974,2481661925
2482183689,2482382718
2499057334,2499250381
2500079159,2500309839
2477181022,2477405010
136511465,136996124
98171538,98655459
74393012,74878670
2309657989,2310147943
2294359438,2294554233
2305034053,2305268947
2285834764,2286261351
80506602,80823588
2293239559,2293663392
2546031196,2546532072
2551764973,2552055065
2556801223,2556998999
2571593754,2571810975
106145106,106474821
2464346004,2464738890
2481252014,2481673103
2477156378,2477432039
84157047,84616953
2471138561,2471386413
103683654,103962788
2495566560,2495827867
70508755,70992285
100637709,100819480
120906997,121133725
2468038637,2468351115
92105596,92534534
2514242449,2514733608
2523054729,2523348082
2532123289,2532382926
93171290,93593240
2552459195,2552874166
81134706,81609117
2544525532,2544871081
110971785,111389632
162905549,163223626
2590541214,2590962154
108998261,109252525
2554225483,2554632000
2576478567,2576858434
2567679654,2567871093
2540141678,2540576720
88019620,88460785
2475355903,2475873530
2462054196,2462260570
98559877,98982272
108550035,108827727
2485340362,2485645177
2522187338,2522555744
84220786,84650369
125633373,125959134
2446257995,2446529999
2451402594,2451663201
89900552,90332439
2486200216,2486568805
81171252,81359061
93025174,93270469
66338900,66833839
2437305045,2437665658
2453459426,2453815210
116758320,117100617
75944464,76436664
138102134,138429732
2523782136,2524191904
101786338,102116676
75307563,76401045
79390587,79631888
74021127,74459247
81024031,81407814
2578494009,2578955129
2630477492,2630849619
2521538433,2522005553
105739830,106181576
2568163889,2568588110
2564869325,2565216609
2608147023,2608451532
2572414918,2572736831
2451450350,2451867392
123894002,124394086
127133558,127324429
123902161,124147323
2384413084,2384888767
2323781810,2324170957
190514927,190900414
2522543399,2523012767
2487618069,2488000921
2469118175,2469544418
184297159,184661742
2549259158,2549668464
2574581133,2574934110
2480543057,2480821835
2484241672,2484435958
2500428591,2500656496
56790114,57042520
71411702,71678444
91304966,91739328
92940695,93221222
2466254770,2466542841
65875427,66330880
2322120035,2322525540
91763705,92203231
2398938362,2399363893
2439523231,2439870664
2374970170,2375453989
2407865986,2408248389
2396587219,2396780186
2394277621,2394499836
126442666,126843786
126598362,126753112
2302798587,2303162314
2329481820,2329699928
2316596460,2316923531
117804146,118023018
105195020,105467703
138420008,138683977
110096965,110380068
2325315650,2325810272
2400651989,2401072999
2362403938,2362776826
87456045,87914812
112374078,112868138
2460678000,2461022575
2462985584,2463187781
2402736148,2403154649
2334720021,2335148753
2327957575,2328347701
2365100702,2365272104
2387503515,2387687011
317253525,317666022
326181637,326500898
2058786388,2059260213
98188558,98613250
100937864,101207684
125423652,125869657
126263731,126503318
93717051,94170284
95977269,96408902
95856072,96301237
1987413827,1987839874
3119340790,3119821192
3147866497,3148210159
3156489642,3156692951
3154353940,3154800937
3151040931,3151224055
3140181481,3140587005
3119464993,3119717169
3151343834,3151540932
124108866,124541359
104400389,104648551
96819555,97053721
111023170,111506124
3100834794,3101232741
93502001,93804101
3059831871,3060036584
103895361,104373153
100029272,100318323
2637020848,2637544777
2654113698,2654389939
2678901942,2679161617
2621666497,2622109901
2667152557,2667363791
2702567985,2703035888
2740327107,2740724464
87060591,87571439
2714038421,2714365859
84778287,85227907
2693721831,2694152218
2698570693,2698769861
70881538,71315053
2506796979,2507286472
2515229007,2515487917
2566400099,2566784069
2446591965,2447029173
2460589308,2460801861
2439502831,2439918761
81019218,81325527
96348099,96608145
2483519408,2483833818
2442958771,2443377658
2467840686,2468134606
2451138793,2451609616
74287111,74776488
2515884112,2516357777
2518121876,2518307741
2538283349,2538574600
99525700,99946064
110872050,111175538
109396099,109893287
2501358118,2501805458
2392459535,2392648455
2409908250,2410096688
2409757876,2410164394
107670634,108089269
117704690,117880273
128286493,128594530
2267685975,2268108789
2245479263,2245780627
72859610,73196658
84526344,84810341
2309800619,2310209570
2299753785,2300252976
2328566970,2328977963
100845895,101328634
108129797,108666413
2443071437,2443365060
2492409076,2492726761
2385489603,2385937034
2391815374,2392185642
2382929070,2383171541
2325975410,2326198443
2325695381,2325888300
125129999,125507955
145477562,145765087
80499469,80929594
2103204687,2103607435
2177785734,2178284349
2636874251,2637371680
2632042801,2632230229
2647785118,2648019683
2640248989,2640473364
2670201967,2670470726
2689850678,2690085584
2556684437,2557005379
119199611,119441039
134190775,134375486
136355128,136621752
2578949059,2579223720
85603085,86017138
74674881,74992073
117247449,117686384
2605821143,2606238882
94493208,94984788
2438740560,2439160790
2518440345,2518993386
2527561583,2527946440
2548789207,2549193773
2477058942,2477420701
2499819466,2500198492
119553794,119877330
126129460,126357249
109389409,109716630
2495785592,2496143910
2447747611,2448095182
95236929,95654263
94548249,94864015
89964055,90426199
2580950705,2581357380
2486172397,2486657158
2525017792,2525446911
108119385,108631665
2479338558,2479810389
2470679419,2471112116
2490469164,2490810733
2533700126,2534044707
123928391,124177111
2505307692,2505711400
2393135649,2393440702
2401306199,2401494298
92880812,93189417
96444688,96606063
98420436,98580659
99278621,99508469
2398130366,2398387524
110075533,110235696
110931126,111228628
115824390,116313089
117341743,117573631
82706396,83120693
2291898691,2292209425
2329634061,2330139517
149573607,150083181
87665413,88098989
82455676,82868596
2433741081,2434212903
2476910380,2477172713
2491327625,2491707913
2494698611,2494917464
2528770201,2529039575
121687605,122024185
2491905388,2492212350
2492813942,2493044759
2421736437,2422139647
2416488360,2416820279
113385831,113810786
103486006,103965400
78473521,78987913
2555830965,2556333998
2492157713,2492582558
2475545953,2475907371
2477710452,2477986394
2505665023,2505902057
80984956,81342817
2501750344,2502110562
148499352,148734024
2547502594,2547861807
2511824666,2512188911
2591355801,2591642931
94744348,94988401
104732243,105116700
66773789,67026070
73948290,74346234
100237384,100656535
104786924,105194748
2584371264,2584851442
2619322935,2619806532
2759980321,2760390270
2804907365,2805123803
2804901907,2805083055
2599102800,2599457974
2515451837,2515897469
2532865787,2533142067
2449249330,2449561220
2452673934,2452987444
116956004,117205884
67924950,68250591
99195115,99639361
2467100532,2467499248
2674772678,2675279479
2614047868,2614466010
2621690915,2621878950
2621209062,2621394158
2614860157,2615103441
2633846764,2634033552
2537618682,2538016375
2516878306,2517162867
2404380184,2404738359
2376322663,2376634438
664329533,664610697
157344632,157607670
87641643,88025245
107788641,108161777
2612357134,2612877306
2614935668,2615121693
2625505823,2625711547
2625385820,2625563621
2626131432,2626320275
2633354006,2633539372
2650430994,2650628028
2644640366,2644850741
2547003641,2547317262
135353235,135714038
152265787,152425347
141916038,142389614
2222939817,2223140328
78646279,79109152
105599875,105905376
106020389,106273191
96229018,96654405
74451193,74943039
2455846649,2456346347
2498966893,2499348219
2465031952,2465285489
2500618508,2500918247
2486108363,2486362542
2513803688,2514081342
2378148047,2378587565
2268030392,2268398842
2138129705,2138453613
1613714097,1614243218
131506951,131880862
139968831,140174939
150922747,151119415
108328410,108722443
121526967,121694881
117765742,118306447
71257099,71763735
2511708917,2512152812
2515486514,2515699510
2519791084,2519975652
2543916572,2544257327
2555980558,2556245105
2560787165,2560992318
2546380768,2546608723
2409724432,2410162351
2105876132,2106283665
1781472383,1781799692
145721812,146065703
159117723,159312198
161535123,161694738
170378284,170547495
146821456,147151309
124351761,124655463
86320448,86754839
122030446,122290383
85948616,86185128
118165757,118626362
106480303,107076692
2479640869,2480133144
2489558846,2489808477
2507083093,2507339706
2514832375,2515027136
2428670978,2429091626
2416128005,2416322968
2416113252,2416305956
2286328407,2286716939
2289264914,2289461239
2037169901,2037524878
187732091,187889670
189203393,189358724
121955192,122373427
165543208,166000286
84587606,85054951
95803897,96055614
104048259,104559772
2575089579,2575596585
2600956387,2601311466
2559135935,2559400639
2618681547,2618917283
2620878571,2621098283
2626262436,2626536548
2601377579,2601707926
2417539255,2418000267
1995735700,1996107977
1608611598,1609177925
123800830,124116676
132227715,132398360
132234490,132393893
141957739,142120593
144909442,145068057
154328000,154558672
153859676,154095460
115340736,115655410
136768554,137021346
134466471,134630749
120959064,121121156
113320669,113526738
110505466,111001578
113842932,114078816
106303108,106807546
108773633,109015223
71528237,71951496
82904956,83192579
120607264,121102621
95753831,96235497
2190317467,2190759672
2209086927,2209472350
2214359781,2214675289
2160348282,2160756975
2187865307,2188225547
73013786,73462937
2341615145,2342120164
2370859602,2371231312
2392476376,2392825977
94963690,95298310
2376344332,2376792618
2405590387,2406064452
94885830,95289150
2430346145,2430754135
2460142200,2460415867
2489860965,2490218854
2454561880,2454911397
2363080003,2363506392
111994400,112347183
124314370,124561028
126400342,126647335
2277825816,2278196803
2236379979,2236571773
110858859,111263607
70539800,70952350
2330240771,2330516553
83731789,84029372
84727368,85040916
2324283386,2324697934
75308001,75748016
2308199479,2308676349
2512592399,2513043589
2467153716,2467509870
2471222261,2471617770
2483799881,2484003725
2440017255,2440257433
109891235,110274149
143670785,143990187
2478145458,2478346441
66596516,66920970
2411899928,2412269073
112629820,113049203
114706774,114865639
2397904289,2398152402
86481028,86789647
83409527,83832943
88988445,89228490
117522432,118008196
2323612497,2323995103
2349856572,2350319245
2385558115,2385997369
2383703069,2383922496
2315380999,2315788559
2344086576,2344281661
2266015107,2266404683
2271609630,2271835962
2211944565,2212404713
121495866,121974875
377350631,377608005
139808140,140067876
2134334359,2134764912
2154658063,2155016295
120066261,120414063
125041612,125283781
161062549,161420892
224792302,225099944
182936234,183366514
192817361,192979410
183851995,184238746
2872848900,2873265227
3796707418,3830758397
3550189211,3665907776
3797857868,3894062246
51025901471,51224092247
52255015187,52453466526
51333814372,51532348642
52184562423,52382988026
52044450545,52242707459
50406149235,50609201423
52249999767,52453004434
46895143767,46967631530
48874618018,48946455451
42410717427,42482463790
1223483354,1223848902
1224188524,1224359027
1215087709,1215246797
1224687411,1224832467
348515699,349030665
248131302,248517474
137216392,137440813
144838756,145666983
156709558,156915333
3378281260,3378785678
3246481042,3246844548
3267896550,3268116757
101088120,101407793
109223015,109497785
95020904,95433592
99968531,100318927
93131056,93374444
2580655005,2581011774
2814529851,2814859520
95298283,95599786
2594868212,2595053944
2599062229,2599299379
67570870,67851804
115245696,117085750
2585446181,2585753121
2539799902,2540189989
2552259203,2552553396
89589953,90034573
100511380,100838371
114754184,115125740
115235188,115484413
103018661,103518547
101673575,101904188
111003438,111479250
113133409,113624247
2445456465,2445975174
2482004110,2482415604
2494859749,2495208785
2511237077,2511514870
2530413708,2530655416
2493267293,2493630104
135695992,136121488
75742742,76150672
2426487745,2426840725
2449579861,2449853401
106774157,107243228
84369201,84675892
87762810,88190302
75238624,75508691
2438608491,2438964047
104963593,105523852
95187409,95505662
79290440,79711388
2452681419,2453044707
2515881489,2516378419
2568594885,2568888293
2574361330,2574633312
2525635972,2525985158
2477526176,2477925576
79440427,79798487
2504475788,2504850637
94843541,95080362
85515515,85929492
2566133612,2566555465
2438169051,2438595429
97649323,98045270
113107499,113298784
82320004,82558693
87289103,87771930
95841483,96175363
2479244072,2479571165
2420411764,2420707662
88918464,89213058
108154635,108558860
2494681203,2495178738
2553121937,2553484127
2498358187,2498674690
2433947180,2434204476
2422037946,2422347918
118715444,119177332
126085806,126336292
133490986,133990239
136600140,136881609
2355779815,2356144358
2300506968,2300900179
2318689988,2319057164
2200530174,2200874245
97343046,97639723
2283232488,2283644339
100058762,100549336
2373852921,2374344337
2382012941,2382228710
2408052819,2408341688
114940297,115385547
2359344273,2359695100
2374791084,2375142285
2363059483,2363433264
2333811943,2334186356
2432250866,2432597617
89904263,90137449
2307745838,2308101015
95745553,96050051
96310903,96621643
92030386,92244000
107099723,107346262
99455458,99919288
2368206665,2368626094
120821404,121299420
100204545,100632880
2429159623,2429632272
2473030933,2473411139
2404830163,2405107715
2363466907,2363685529
2456440293,2456851969
2388439401,2388791031
2405184319,2405474834
2446714432,2447058216
89544148,89894089
2452814209,2453231331
75554699,76018431
85012840,85423855
2459031957,2459483815
83414707,83839048
86633774,86902507
2422088590,2422557716
2425214034,2425410884
2387042165,2387393876
2433589114,2434008447
2414988709,2415322966
2386183205,2386459004
2332981659,2333341751
2250334251,2250764176
120536363,120968339
117908268,118166028
147980120,148398114
148274585,148516291
99302135,99736778
102641116,102878800
130304710,130464590
133805172,134006368
112718612,113244538
115233659,115458839
1788529725,1788835508
131174589,131397383
1786097536,1786284866
109523965,109992292
129282845,129520157
87307930,87766806
72039767,72499052
67048860,67496909
90655089,91096823
2346487325,2347004652
2361777408,2362003323
2371283814,2371587117
2375655359,2375849015
106188646,106618274
124183003,124504089
93405769,93804871
2510011416,2510383463
2492535378,2492968920
2513205443,2513392807
2521733747,2522079272
2463408619,2463901172
2364826549,2365251079
2347175184,2347654555
2349139016,2349341710
2328526840,2329019695
113186343,113494323
116629322,116871037
72801739,73222594
2261271184,2261778577
2218415328,2218878969
97212330,97630544
107575482,107822689
120067771,120352777
103953043,104459056
98666641,98933250
2207175404,2207589751
2226513397,2226853749
2232834054,2233045813
2237201656,2237389283
117632446,117951590
104926755,105156167
148921019,149149772
150417078,150587205
1938105098,1938505553
2325547713,2326026786
2374811891,2375169877
2304748887,2305031844
2667523490,2667948213
2676468809,2676719597
2576735034,2577172353
2625331740,2625688833
78092623,78511513
2645170755,2645431321
2601543167,2601897981
2694182548,2694446634
94803927,95125434
111482949,111769304
93518594,93752675
90856808,91268828
94196838,94522016
99976256,100395404
111988838,112344318
99078365,99501868
100824021,101239731
2522102944,2522584969
2565665628,2566066310
2484110068,2484407607
88135079,88587625
111561989,112013067
2418946345,2419378183
95911498,96338595
107156854,107638886
2458007833,2458349333
2422115722,2422394715
2458843092,2459159872
2449111240,2449479836
87988623,88447144
89257415,89629308
91947040,92345421
99263899,99672840
113221851,113657360
81568697,81969348
2454912180,2455269517
163002944,163327625
146066727,146419391
2472617758,2473021386
91784028,93279311
119014678,119504293
79083377,79508045
108967592,109255563
2401494913,2401911356
2417593366,2417812671
128296945,128759080
98315010,98660656
98818231,99254375
99412053,99948442
2467295306,2467727242
2416573388,2416941101
2450178598,2450534465
290152913,290537703
315043459,315188700
2546040019,2546402914
334757394,335127226
75461377,75946943
95469784,95920807
2532897299,2533289624
96875560,97370004
92822849,93232928
2531506876,2531869009
108275435,108718037
2609984160,2610402435
2617653160,2618019224
2564947649,2565313574
2608097872,2608514145
96582417,96990540
102787102,103331028
2482408145,2482856030
2489428021,2489642326
2431487387,2431922757
151392786,151755281
2470126156,2470489065
89891752,90211889
2462709385,2463036285
2456828331,2457184961
109201255,109611531
99097815,99399204
2465926797,2466380702
2486411196,2486711634
2434591603,2434956068
2563822786,2564295642
2585405181,2585793458
2555800503,2556102994
117077988,117443069
126770616,126958137
2529860396,2530224817
2482418104,2482766483
133526475,133840440
2515700279,2516037263
2506247567,2506633345
118019249,118545398
132735043,133285421
2451093132,2451450565
2511106110,2511632249
2475380826,2475813936
103602748,104077447
106284994,106535565
109871977,110103794
95443597,95875377
96995173,97328717
108410614,108648840
110375481,110751146
2491525120,2492038800
2464634879,2465075207
2414953650,2415137295
2443779706,2444138370
90455563,90880197
2433957105,2434281045
2339503211,2339905397
89277671,89690543
113053762,113481468
99720237,99961387
86825624,87105090
107789259,108119152
112221372,112574217
2482783632,2483248207
116403983,116897308
2504789173,2505008939
2576988826,2577376665
2470333965,2470733028
103346600,103769761
76204400,76684737
92137355,92555333
143516692,144540504
83692771,84123102
71147468,71574639
2478341170,2478759764
2498005266,2498336424
2524000329,2524383708
108505403,108846623
118158512,118465260
2515502920,2515859050
146487084,146933504
2505121217,2505531416
137924867,138094543
2522494767,2522707410
100227475,100681890
2557408156,2557823138
2559958375,2560169155
2490998879,2491465535
2576167463,2576635396
2491236930,2491675634
2535865453,2536249007
2506429828,2510580813
2528048172,2528335338
2567711880,2568069703
89361985,89775272
2563825035,2564153024
107540320,107963226
2573115956,2573582320
2581717153,2581984313
2570847154,2571236064
86161646,86610869
92081748,92501950
2476367547,2476844907
2680176228,2680379096
2480835012,2481031360
2442158859,2442521348
160424275,160745124
181689676,182072132
2465341869,2465729120
2495985117,2496264491
2536856548,2537143417
2533826212,2534325080
2555387658,2555752636
102619303,103030990
2500648835,2501070001
2463721387,2464186145
2540673435,2540915286
2371612164,2372010470
2408695151,2408977943
2386338194,2386691485
2399226110,2399439155
2379981814,2380200003
1387871945,1388261970
1220038378,1220515627
131380626,131815751
153688076,154104414
114972650,115286456
86414965,86815678
92754736,93167889
2557080049,2557623985
2573838102,2574206549
2578947871,2579254256
2582626907,2582804542
2591693299,2591919613
2590992612,2591168126
2595237806,2595430188
2606111137,2606382533
2258123160,2258528379
2075648403,2076402519
125829338,126130430
129305051,129460562
139101087,139284604
155649593,155849651
135796170,136073198
93183408,93500868
88475474,88777540
127671787,127863014
119290513,119598732
91244276,91398342
112301120,112526177
2548887134,2549655983
2562778848,2563044436
2568311733,2568523364
2569044536,2569244122
2580723707,2581013554
2453945874,2454369718
2438499086,2438683732
120239362,120688700
135303892,135655196
2289604656,2289917670
2295773793,2296061698
2331624323,2331968751
71366269,71784892
94707997,94962912
103759785,104020059
76177139,76602927
82686949,83084651
80380564,81009021
2489950788,2490414051
2529173028,2529540571
2567490287,2567838710
2491333760,2491582116
2601461692,2601858376
2436206809,2436587397
2400058008,2400404573
2330619330,2331031365
2178278045,2178650018
118209141,118624237
146564134,146875947
146321162,146551813
81217230,81510592
80159386,80390224
2063095720,2063519114
144287593,144589820
96534923,96951000
75173603,75521344
2546363349,2548249724
2541069599,2541329262
2555437393,2555632359
2500114930,2500459767
2429568009,2429958166
2486169100,2486364881
2497370711,2497622968
2459224399,2459537492
2320718673,2321183560
72844316,73226538
62632608,63037828
2337706955,2338060835
115656893,116073165
93760947,94196519
2535459761,2535906234
2530305985,2530652600
2540576029,2540930252
2515249370,2515593865
2516617839,2516840697
2474163048,2474524461
2505998132,2506298402
2438516640,2438775535
2401568252,2401910464
2090878949,2091349640
141102521,141416917
143000801,143156733
137233371,137388140
137978864,138866839
136890283,139035410
120784838,121822735
89627104,90089680
115774221,116259500
126824231,127273858
134249739,134482169
152039306,152470828
149282036,149515489
117219282,117665474
144017339,145323547
112422238,112928560
104396201,104868486
2289478578,2289944767
2299177977,2299439442
2262773958,2263134163
2256218834,2256578409
94741011,95136231
2316921446,2317129328
123519610,123873508
115818896,116128990
115805962,116095252
2420532116,2420945845
2425501206,2425707096
2430726892,2430912867
88896922,89207002
2463626989,2463956981
2486115222,2486566353
87447680,87851027
2426461619,2426857175
2437295028,2437722320
2443847769,2444146769
110816677,111206520
106490457,106789847
99340917,99527107
2417249384,2417663503
2459186579,2459446143
2501553214,2501854003
2500589277,2500876361
2650956326,2651255275
235355827,235587074
299039520,299277963
144289661,144492093
205115652,205313657
2581214964,2581567422
154333201,154576995
98765414,98954643
79846503,80164841
85266239,85579509
86423909,86846628
91749045,92176867
83241831,83638752
2689986688,2690440502
106210277,106677114
2658107266,2658497233
102063519,102525116
2691426167,2691907385
2504236376,2504651294
2487189520,2487576170
2581214347,2581391463
2503507628,2503785467
2496623182,2496899229
146644440,146972913
2515629379,2515958802
75370425,75722998
90359092,90797482
103442981,103884853
2502193524,2502608329
2488765251,2489149395
2489335616,2489792423
2467290456,2467605448
134143205,138669159
193981831,194315404
2521472784,2521751188
2521636413,2521813141
115086870,115283284
2438583144,2438895313
2439365597,2439673062
2316219371,2316674496
2006356254,2006735903
185133401,185491036
2028958780,2029160098
186972261,187200504
187557945,187770555
88155081,88584934
93940365,94246085
95241744,95524246
106553689,106802865
2051792137,2052189850
2548212509,2548681563
2557908866,2558213588
2570519187,2570825759
2574314287,2574557104
2955138702,2972309536
3170831564,3171129667
3114106847,3129123447
3139735216,3139913520
758579228,758882499
759907012,760154665
3188991664,3189327483
3209464160,3219903104
237912443,238168411
238882712,239035582
92137863,92589221
100423724,100884383
78499411,78924846
3154249189,3154691028
3204430408,3204838173
2703176610,2703422858
91561622,92006367
2590758170,2591200667
2602545453,2602815116
2620423213,2620739284
2635560667,2635878860
2495001529,2495424023
2492819602,2493175179
2628695092,2639645305
2648059358,2659434427
2750009519,2757463074
2634038327,2634484024
193812461,194228479
93743718,94209646
2720701186,2721111433
2793183626,2793542402
2718974806,2719299495
2825171128,2825472643
2834614190,2834851342
2745466491,2745819934
96916872,97379881
87444815,87851967
87682547,88096681
99997262,100425488
2622454737,2622867406
99540663,99967871
2446373869,2446850140
2518860885,2519060755
110219291,110704417
2492267495,2492666123
2495347607,2497778265
2452844686,2453284841
2514969099,2515252712
2525241682,2525467666
2504572356,2504801258
2552800667,2554472924
2491553872,2494095628
116555063,122152098
103649876,103966440
76636804,76982541
2625971561,2627866687
2766545553,2766958844
2841352986,2841520284
2605905453,2606251133
2618471812,2618893468
2583438841,2583664912
2603654788,2603945439
2600175653,2600453576
141896837,142240316
150049576,150215886
154350336,154577208
159727766,159884329
171917583,172080893
91020462,91478239
123181489,123424415
132246138,132567667
121149580,121385304
2155814520,2156210963
2164978592,2165190409
70677220,71092524
91345069,91696388
2267595290,2268082039
2529695642,2548771390
2534586297,2548254566
2525317296,2526488772
2527379183,2529029504
118099662,118432756
2526431576,2526659607
2550963909,2551304206
2565395384,2565568925
199547620,213568884
180933774,194773634
160374571,171863497
152036114,165759287
193122711,198653727
193346560,198914254
193298728,198802829
2402152398,2402526559
2421524972,2421897211
117916438,118343300
2424953148,2425348981
73988022,74445592
103560577,104042651
2486913084,2487364373
2524469935,2524817225
2448365878,2448820513
89366756,89689847
99148961,99421437
71658984,72071476
105304984,105713165
2583933675,2584331111
120954255,121412361
2516888266,2517240055
2535979024,2536315813
2544317388,2544571164
76793943,77246979
2481554400,2481770457
2373433058,2373825330
109494057,109814604
110431831,110592492
112834599,112990803
100523910,100941851
96756343,97001374
118121655,118543289
85653910,86067531
97309161,97596543
2304566311,2305028076
83948586,84351578
88981663,89214386
96619790,96845145
99159381,99605965
68094139,68508039
2329060553,2329482506
2321687218,2322058564
2312970765,2313326930
92429373,92814393
2427295207,2427729124
2429759463,2429948261
86085210,86496504
2539415529,2539800675
2450476668,2450844445
97471973,97816089
99748299,100177107
2452241546,2452664290
2462809796,2463155420
2557013529,2557451319
87869933,88318311
2603693677,2604099899
2605798649,2606122506
2575115993,2575508511
87722218,88126376
2709714876,2710122002
2749508553,2749896735
2719722362,2720078381
92206105,92545932
2692305777,2692629162
75071689,76738665
85199292,85618908
2690341541,2690716662
2707747725,2708036435
2544187889,2544612384
2526126903,2526553911
2507765557,2507958415
2520956829,2521344927
2157757824,2158188143
1984122139,1984484610
1902161079,1902536137
1653196105,1653545616
1651752311,1653476831
1653563930,1653845829
230656382,239363037
230761880,237647967
230940851,239461756
230978213,240608806
230764475,239527822
228055752,237762406
230590234,240739901
231599317,240544519
236323725,242017840
235861445,241856875
163761152,164256813
1374962816,1375317847
1377938888,1378142960
79135235,79558558
95224730,95593912
64219355,64635321
111475215,111890725
82712722,83144792
81512476,81911793
112279977,112692282
103604661,104077259
130137388,130890529
2532667110,2533101071
2535743386,2535946550
2549837390,2550105379
2559148601,2559387363
2560311807,2560491202
2593220508,2593573419
135602309,136065627
146218488,146459915
2297302256,2297496054
74356848,74774160
2245833536,2246236094
65872056,66251335
85113842,85400231
67361450,67759764
2245026544,2245453425
2258170381,2258575419
103077210,103535524
86510265,86972783
2471512910,2471927616
2481226424,2481421244
2500845392,2501099042
2501341668,2501515999
2395572385,2395956027
2410121341,2410300260
104943081,105347420
114611791,114852458
117487793,117719540
2259639984,2259881336
121622522,121843711
2213783859,2214122646
109767818,110094216
103840037,104076476
108069705,108347722
107145937,107441168
95083963,95365719
95086006,95315679
71981161,72419531
2170163958,2170610553
95987697,96396041
92388204,92813658
2277056556,2277463024
2544536684,2556070268
2546414132,2557132111
2528125298,2528559462
2551342778,2551687724
150506544,152225271
2531820142,2532082139
126118647,129437958
2593620846,2597730992
2590338521,2590690567
2518498205,2518898625
132159699,132461441
83152725,83605532
2555397615,2555816292
2572358796,2572691205
113295712,113781646
125016731,125342991
2475027692,2475422842
2432008557,2432403114
2432953199,2433277920
2371360939,2371805159
2377540047,2377958193
2426787823,2427132880
2426572983,2426745500
83934270,84348889
2270821192,2271175506
97275639,97538721
87870369,88286420
105182170,105596608
2289373286,2289804546
2247948244,2248326169
2322471713,2322876308
2329540564,2329727295
2348184354,2348439708
2352234899,2352411242
109406965,109859150
116045898,116406368
86248189,86652972
100420328,100714252
2453014003,2453405677
2376683687,2377082591
2420764222,2420969580
76703669,77124259
74773083,75173879
2377117317,2377515839
137816018,138086887
96713422,96983290
101672360,102069868
93044219,93448521
2351374024,2351788805
2361601494,2361806502
111180485,111634262
130247945,130407535
2364603702,2365045665
2396291932,2396583721
2366273172,2366708033
2394686439,2395011938
126451610,126880245
92076154,92529329
2398366206,2398765221
91173540,91593164
2390906422,2391296047
2413020420,2413225029
100509815,100930542
2450285695,2450697061
2449279149,2449724553
2412126617,2412481017
75875006,76245262
99448873,99846055
107237752,107642719
2394208059,2394444152
2424041131,2424217038
84044322,84454541
47713153,48091743
2341653475,2342081480
2327437092,2327846198
2314292375,2314619470
96398204,96824441
2293154137,2293557570
2308688590,2309101993
100509472,100985596
2418991036,2428231850
2469013371,2469457840
2471003385,2471204428
2484717400,2484915109
2485878643,2486099659
161330557,161962618
169422956,170790611
2362948834,2363300163
98937963,99340355
110759540,111074424
97771773,98083567
2332126523,2332371781
2350094853,2350375659
2304290414,2304554042
70210149,70491310
74117230,74457181
106632654,106975941
80524939,80777371
87706317,88134341
2310064439,2310519111
2484053867,2484511538
101309180,101778343
2566992916,2567387851
2609737059,2610093855
105087940,105539135
2570832714,2571294233
2495683662,2496026690
2557112023,2557483540
2528472008,2528865809
91588484,91884443
128619538,128986053
2529115315,2529441730
78982464,79397709
2534801382,2535124916
2515545080,2515947831
93071471,93489221
112046633,112510551
2397398318,2397826227
2489454719,2489875358
2416272116,2416688921
2372184622,2372601175
2464917945,2465311795
2382211861,2382566411
2438121364,2438328286
103997364,104441007
102990179,103287783
2420099112,2420480989
2422793161,2422973302
115382436,115793415
99959092,100427556
111055179,111523892
2472739562,2473049965
88610743,89058827
101209058,101708296
2455830157,2456218600
2449291573,2449734510
2468253347,2468591352
2467233264,2475578935
2460113091,2460414260
191433463,204738999
2444582653,2444933239
2441110998,2441437571
2478956796,2479355487
117556872,118052697
90139446,90621374
2448030473,2448355896
104727488,105239288
2468978678,2469405485
2461934693,2462264066
117392821,117899290
2466185284,2466584480
2498405872,2498725816
2514521776,2514810751
2453821546,2454222747
2393066005,2393387799
2384732349,2384927911
106462131,107888440
79088640,79503438
104429474,104684992
91575094,91980870
2417096739,2417359359
2404786337,2405184884
81060891,81282187
95763603,96170060
2460687456,2461136319
2440636750,2441029273
108109454,108494558
99149461,99568106
107908063,108294887
2476536793,2476947191
2492380435,2492619315
2496464221,2496860577
2447165907,2447586642
2390250859,2390606524
108461868,108835544
112035195,112485396
2423772839,2424196199
2405070949,2405322704
90837815,91152393
170822229,171136262
2460636578,2460918833
90570122,91065435
2600311014,2610297127
2617035481,2617473130
118399600,118869533
87662027,88115955
2704708729,2704893709
2704505270,2704731653
166966389,169116590
2702513777,2707848675
2663084682,2663326007
2679551839,2685514931
2664799902,2665183118
506913907,507264874
2584397784,2584601070
506943169,507088512
163078015,163243653
141043214,142921545
2605778877,2605995149
166470631,166634441
163065376,164151715
163168469,164377524
2452367655,2452821228
96256322,96682842
100522564,100922761
87676193,88101276
80146396,80549349
2762616641,2763012972
2784331412,2784658887
2788785975,2789002811
2363006141,2363494442
2368309004,2368552052
2321396952,2321789311
2347050523,2347412259
163014489,163305551
127561580,127883565
101281026,101622237
2324224507,2324586480
2347222341,2347614937
94837364,95112849
105616014,106068784
191614478,195045450
2510301580,2510751998
2530819299,2531106698
2552964762,2553281677
2572027169,2572355674
2556690550,2556867250
2433396461,2433803216
2280816329,2281197766
2261850484,2262259044
126192869,126600722
135321778,135685500
2296916615,2297216632
2325251994,2325789371
2375811916,2378788822
2387465010,2387690477
2387060153,2393816110
2356117722,2356320948
2403990987,2404300359
2388525221,2388933435
2372364242,2372730951
191059051,191300189
2382795058,2383049581
2414362741,2414657452
160582000,160740242
145040115,145194135
155020666,155464562
137745564,138026936
165556337,165792350
151229421,151532681
133509108,133978888
2335434211,2335935452
2341893621,2342214971
2328228550,2328408831
2384359372,2384770676
141432674,141675346
2500079715,2500519633
2533267392,2533460605
91732784,92135180
2519636821,2520014410
2544906551,2545220547
2557197545,2557409171
85574106,86010923
117524237,117869214
2538736491,2539004798
110696103,111089615
100649391,100878665
111351688,111814941
2588236431,2602128239
2589332331,2603248561
2474854220,2475267225
2505069303,2506633398
146640839,147114199
2516894619,2517129463
2464259086,2464668919
2527158962,2536327852
2480568490,2481011979
2449793097,2450219423
146807134,147224088
2429909358,2430188151
107171006,107622315
2613176368,2618837226
2596304501,2601624826
2630059922,2635480134
2561564467,2561928604
127711701,128098347
2593257350,2593468938
2563913948,2564113662
115578262,116035533
126667122,126924618
2486532486,2486892687
2594543031,2594924312
2549468686,2549881822
2571753689,2572213861
2470122336,2470541924
2482555791,2482852011
2445371395,2445760025
2438819039,2439179507
95862786,96302716
122952994,123341241
79864133,80213839
2410825718,2411078585
2422523065,2422731675
2462531336,2464921992
152395783,152754282
2436707614,2436927444
2433808982,2434256788
2445140092,2445442658
98985313,99406246
107268716,107738611
2455851573,2464770924
2452302761,2462099897
2367362310,2370493963
2365701258,2366107519
2370561914,2370758859
2266435206,2266785201
2287835613,2288117356
2294554913,2294756957
102078680,102339886
114018749,114292655
2480492614,2481037490
2435649896,2436000867
71532722,71978666
2468741791,2469061588
2487054984,2487379525
2518324140,2518670368
2438448102,2438729363
2451669916,2452020882
2437768183,2438065381
2479143606,2479430662
107484012,107733826
2459583218,2459758682
82919116,83152991
97847033,98263009
105727209,106004693
99108685,99536700
86253094,86658404
2470373538,2470849063
87939990,88360123
99523284,99915987
2432542567,2432944805
2447742420,2448077586
2469391798,2469765976
2455362509,2455744170
2475382906,2475660921
2482001266,2482337097
2492308645,2492540332
2424858536,2425170391
81315660,81632086
114505479,114745378
120391534,120617050
116651872,117118753
2419486496,2419877527
80106649,80540769
2449048808,2449496816
2452823773,2453166978
2482934271,2483337802
2536124716,2536327489
2508821642,2521149055
174631579,174871185
2466677279,2467083872
2461865068,2462226066
2462310026,2462549912
114390394,114809258
122425816,122658848
100169798,100574683
118715667,119028215
2535139265,2535426043
2541164882,2541639358
2591668191,2592076871
2591529648,2591717345
2580451070,2580783648
100280670,100520451
100959735,101227441
2487613442,2487956170
2461988220,2462220242
2601560531,2601928580
2569647094,2569935392
2526724800,2526979392
2592662056,2592984853
81174209,81592315
172595733,172824220
155761413,156094698
125602801,125777091
67511152,67795081
83484192,83947787
2607938994,2608353703
107157961,107624016
85888787,86367566
92505207,92952407
89597756,90016185
92711625,93168284
2647339899,2647772549
2650661501,2650864336
2657941746,2658182955
2606826597,2607182793
2625430827,2625744926
2366093501,2366524230
2305160370,2305433591
2362311732,2362608408
101897809,102179054
101434220,101926411
129681482,130008448
98441924,98691984
2335370665,2335668551
78059264,78363883
99395160,99804028
78780346,79158025
82959723,83358939
79360625,79772189
87299588,87713287
2324546050,2324986216
91671236,92083809
2435015600,2435423307
2446811885,2447066184
2467082629,2467439381
2450941976,2451273030
98585132,99098041
2447298239,2447551459
2441291531,2441688814
2448477528,2448689102
97848328,98037557
126573214,126997489
2440650275,2440971466
2494445096,2494870850
2465992541,2466389257
2477870725,2478301475
2432646985,2432850157
2453648456,2454067935
2381160162,2381508394
2401236056,2401494326
2400152268,2400479455
57208134,57597033
2341797231,2342247824
115383447,115695451
2378868116,2379097614
71906297,72314330
106565627,106964411
101182724,101656711
83281545,83703582
99402118,99836996
79232180,79632848
2419518726,2419876603
108897964,109107777
150150689,150531344
2425789019,2426155578
130012786,130354920
106428221,106884093
75719673,76155029
2497192347,2497620381
2477493342,2477688090
2514393941,2515002022
2508491807,2508832346
97487682,97813289
2512620610,2512967713
104787509,104937758
2522956283,2523175391
99249127,99392514
2490260386,2490448124
128063282,128412100
97639254,98050987
2594508104,2594946792
129882947,130361395
2488746937,2489126394
249331588,255280986
2575640846,2576204967
2521103910,2521438498
2545726995,2546056114
2513409889,2513713532
2513136243,2513314217
2516407878,2516679467
2460895880,2461202597
2147321428,2147750137
144289750,144642494
158269205,158538597
139839644,140290703
115722011,118018463
2002684657,2003154044
2616441443,2616648122
2601446502,2612342177
2602013918,2613132865
2609561419,2612866524
2610987058,2622076358
2610829494,2622086482
2460356971,2460724447
2400912331,2401215864
2259201842,2259534926
120494715,120902044
123558255,123784982
142841141,143100974
147685286,147864598
170935410,171235355
137013516,137218074
131398595,131615377
85997431,86417063
118700036,119166691
2346158717,2355751109
113058012,113525520
2570936874,2571364512
2581114441,2581295029
2583200647,2583387838
2559282872,2559452077
2467101494,2467485741
2454043097,2454367776
148018043,148377369
138968682,139114205
2444451628,2444833420
2381923722,2382308347
2452534276,2452836694
122258752,122590836
2420710473,2421147610
2555305578,2555722528
2581243039,2581541827
2576172489,2576345964
2585858337,2586027225
2460240700,2460649180
2477402802,2477802734
176312927,176657863
2444635509,2444977338
2504131014,2504321473
108091444,108365483
96138823,96566035
2453953383,2454187374
106448652,106741509
112653205,112806934
119606451,119801096
2386598657,2386950192
92552981,92890324
122712967,123086909
82783754,83215305
83829261,84230869
167464483,169016005
169528438,170018499
112225464,112682315
93915671,94360258
2483061949,2483397261
2510525439,2510879762
2506762790,2507001239
2528776684,2528990649
2493576482,2493755108
191640483,194920698
117332815,120566311
2506357927,2506669817
128815484,129307038
2573467260,2573897990
2497668454,2498006461
2516203673,2516466636
87275079,87680099
83802372,84040778
95170599,95574779
2586334306,2586746415
2553437543,2553612317
2567459453,2567761794
2581745980,2582076929
2483596315,2483961753
2352855964,2353181208
2363169116,2363556391
1913126556,1913549307
2293884931,2294405668
1913329590,1914601712
381216682,381518146
383066096,383213725
390218809,390460786
377877146,378024131
218261577,225031750
219767879,226343536
219679010,225860867
219787575,226922357
207753978,218896233
207732920,219068387
197436060,208274492
123453910,123929095
130398397,130677434
2056677674,2057108987
2089873273,2090221430
2099076782,2099383385
103535228,103994498
121061750,121298181
134206414,139196459
2417978344,2418410136
2427576438,2427865081
2447642220,2447988289
2382794605,2383195873
103672818,104120258
107169092,107480640
95080651,95483935
75112081,75534349
100118610,100526805
2430197651,2430580046
74339400,74769183
2379058951,2379299578
2406274866,2406590742
2420437804,2420836324
2370139112,2370528457
2398863649,2399295418
67437749,67892575
102720178,103192218
2473641060,2473970854
2414156498,2414555299
2411841204,2412101434
166735736,167111461
2410509624,2410911155
2402344988,2402755243
2438502727,2438846802
2432184124,2432556277
151219037,152710470
159300634,159962425
134281978,134735542
136473135,136691863
2424550224,2424968193
2426351409,2426524282
124248726,124536474
126148532,126392814
90809788,91036527
97782121,98212687
71524723,71922973
90220246,90613950
2453026421,2453401934
2466029860,2466350893
2480547522,2480739304
98013933,98411117
67162180,67546905
2436748754,2436996549
2394445667,2394778694
122489197,122933818
90886301,91346300
2494211469,2494603619
89209024,89656425
63091963,63505769
92675059,93081033
2470847344,2471194755
2445681053,2446028836
2481669347,2482041847
2493571848,2493981451
2515942069,2516275105
2539282452,2539498730
108289146,108675483
78404489,78786744
2494380681,2494632753
106034779,106264249
123045838,123428168
90849212,91083486
2500065379,2500446939
2476279447,2476598911
101974794,102382703
118579943,118876661
105584292,105974429
169680019,170834288
2573126105,2573557000
2575344657,2575583294
2526326097,2526698843
2515449099,2515794487
99074846,99491024
104246837,104480090
110787693,111060794
2453650905,2454058898
2480911062,2481095600
2409024273,2409450414
2649610410,2650018224
2424728626,2424913364
2330569138,2330969762
94252582,94656199
109862112,110338609
2468434101,2468826958
2365816423,2366196564
2426839986,2427166727
2433493157,2433705922
113922563,114384790
115404847,115620547
116899744,117113417
2346853336,2347292746
2351888151,2352139766
2348028885,2348363737
97614540,98055181
2419304756,2419691300
2435886379,2436056632
2421655696,2422054988
114032341,114503057
2569461821,2569878745
2481592817,2481990377
2499916308,2500217517
2510681478,2510990423
100003846,100404715
94290205,94624828
71003627,71439544
2522881621,2523278485
2517980889,2518177402
2459470317,2459864312
101135853,101556497
93592037,94011167
2441334868,2441726644
2446833723,2447042410
103643815,104071276
106755108,106948361
2369391433,2369805254
2460808857,2461006982
2450820420,2458523697
2443511209,2444336732
143980056,144441259
2398328351,2398707326
87165541,87643881
2381034878,2381377590
2397309499,2397634323
105146733,105593651
2525546435,2525951879
2453626484,2454024415
2463478744,2463657750
129555622,130001591
2462707267,2463138294
83815005,84317148
2476829114,2477244288
2431946718,2432378504
111873660,112247628
96199612,96599621
91698849,92110148
2479480024,2479867274
2459874070,2460231819
2485315631,2485545700
80165020,80573229
2475246949,2475440167
249563317,263905398
173665446,174136938
2595804579,2596183089
2612210985,2612414351
2539730752,2540111431
76356676,76739350
2543273355,2543675024
2593066886,2593496531
2566398519,2566746843
148778360,149216867
2550013380,2550410333
2560308913,2560638727
2581290169,2581603953
2482181867,2482586307
2488862714,2489186304
2462751953,2463148361
2460403259,2460788396
111876216,112182167
2554627760,2555060558
69644202,70048696
91178820,91692762
2520000480,2520413118
2474169811,2474501717
2454598033,2454956482
2442781866,2442958637
98101000,98453866
102786640,103236207
110826926,111095121
2544016674,2544419796
2483438614,2483870919
2491043602,2491436512
2441008839,2441349969
2411929691,2412284817
2554079132,2554514772
2583949323,2584141531
2499770724,2500182817
2484553904,2487197729
2500446404,2500710846
2501130737,2501482176
105726020,106054778
102643444,102874887
116719642,117001268
70751350,71002246
86818254,87218368
91588541,91815299
81778738,82040782
102880580,103104357
214014280,223077760
197869793,207153267
197330389,206602130
213172352,222118222
178266012,180826982
2495391463,2495794182
2501938757,2502125167
2495328444,2495508536
2536561365,2536988750
165057087,165352600
168747534,168901140
126844211,127200390
129593299,129774369
99558902,100012957
2522714671,2523114466
2518125163,2518458707
88085099,88477914
2553871524,2554310545
2565951938,2566253585
2594640324,2594981356
114073376,114528289
107119249,107518257
2588603433,2589004588
2514662588,2514928636
2553623550,2553807934
2363518268,2363926327
81686317,82072164
99762516,100009455
117173581,117412696
2354230020,2354472824
106458870,106807839
119200274,119419401
2381186098,2381616142
2375434064,2375814802
2332408910,2332746538
138059159,138329142
89104410,89491903
95116180,95416755
2328193369,2328393632
2306858202,2307041660
2343462978,2343885817
2314903036,2315228714
2320114952,2320459318
93514766,93867154
2316653935,2316925947
107364097,107651394
2373335629,2373524481
84538162,84916125
98978106,99367054
91399338,91657140
113505965,113905300
2368034980,2368450899
2352237093,2352559340
2366477480,2366852038
102398868,102755394
78142046,78547310
2544568325,2554611497
2544123637,2554858693
2477974442,2478386798
2480433656,2480837848
2446771565,2449007590
183904024,184116941
2485093182,2485424521
2469924653,2470263784
91875144,92218395
91303266,91586133
89563894,89892384
99858897,100276266
2587320575,2600456199
2471391487,2471714259
2525967210,2526143762
95964223,96379115
187924844,188951262
2607733994,2608214999
2587141578,2587353902
2594322531,2594614782
2496164795,2496387024
2424611928,2425013460
2393036597,2393399005
142024486,142467218
2286983381,2287329641
87095830,87399921
91941491,92366831
103477370,103881693
116270488,116614814
97841708,98302379
2263779385,2264180512
2238478905,2238793905
119653409,119991353
79145293,79495501
2257661823,2258076895
87045132,87462523
2465984733,2466369706
2488514255,2488784317
2487699630,2487911153
2499391906,2499559812
2399625119,2399993276
2278857878,2279195834
109992310,110226651
116325733,116547687
118766040,119026010
113398364,113885819
2268613412,2268990454
71210223,71451647
2260722791,2261105156
2319452217,2319676716
103806444,104071424
102158276,102596482
118393761,118864660
2261511794,2261884839
119443599,119906789
99329408,99762188
2443570167,2444003538
2478244985,2478564975
2414063239,2414484670
2408907477,2409099642
2420207909,2420381520
2290315368,2290673063
119777353,120200689
2313295574,2313479893
128734480,129013966
101283902,101691256
99262637,99489567
110218977,110574138
88131005,88595673
156948389,157303272
140165521,140497434
2281983521,2282327519
2272379084,2272825502
123815268,124283387
128448501,128682944
128647369,128862026
99310461,99719688
95203956,95636359
2246600530,2246889976
106653951,107168274
2369025548,2369423597
2372588221,2372806976
2411739776,2412132924
2351064792,2351427316
75113436,75397309
2509802683,2510283834
2402417768,2402806516
2585037793,2588527388
2589713147,2592342481
100349005,100757269
2551407738,2551784397
2563330732,2563633708
124581134,125007708
2555058223,2555470711
2566873034,2567080226
2511711389,2512096726
2507543504,2507741308
2199479764,2199956760
2203342297,2203515659
1838949393,1839217459
360989105,361345382
388864163,389171054
402867651,403101856
1776589267,1776856063
100958562,101374952
1778306376,1778628071
126730359,126958494
98314065,98743035
1803029287,1803428274
118002078,118503843
2727082746,2740687783
2776753518,2777116567
2782108689,2782469346
2507362435,2507773475
2484617162,2484811827
2531361264,2531554025
2416385194,2416627094
2433742891,2434035636
124287590,124537032
168831341,169207114
65875343,66279762
2462519336,2462928944
2472056848,2472253306
2481970788,2482398788
2500058725,2500343760
2488697339,2488941613
2514514029,2514694386
2446317477,2446639232
2370455250,2370805569
2361298550,2361826143
2315245463,2315503233
144960125,145410401
148000019,148211441
147366525,147589729
150080079,150294168
159430601,159655853
1864788175,1865220241
1919623076,1921792565
210154372,210429646
109679639,110140296
2513417806,2520780970
2560790622,2561106260
2568393283,2568577498
2523683059,2524115670
2520299266,2520506081
2562306030,2562608903
2566685738,2566856661
2479729181,2480118382
94160059,94526610
97366160,97659798
67661563,68064572
93982040,94401417
2471976791,2472229826
2456771862,2457048090
60008691,60431367
138710068,140112527
104349364,104645184
2561296231,2561764273
2544033902,2544382388
2518008844,2518337808
2501766348,2502151697
2520295166,2520567126
2551980850,2552180401
2448061977,2448422233
2480273169,2480575649
113210336,116391598
2470377529,2470749888
2519665675,2520011610
170472358,170618191
3440343586,3448919864
3438324222,3445302227
3422045833,3430899854
3444060606,3452843667
3391394390,3391639322
3470652482,3470818723
3312596516,3312941852
189388661,191487088
113315399,113538571
3157120833,3157479452
3160856231,3161034001
3190207215,3190440816
140615620,141348441
148462132,148682570
155678870,155941360
108057693,108508869
112848108,113071370
2406139488,2406544914
2426450554,2426627490
2434517216,2434695676
2427537240,2427708736
2447525429,2447707359
102876762,103243121
107066078,107289906
2484293217,2484676605
2486846654,2487027764
2418286842,2418603740
81288953,81639133
90583582,90881266
149253943,149583771
136486653,136768088
2588415822,2588775591
2603310219,2603566883
89571624,89928275
105224400,105512792
115760294,116155829
2483413418,2493689628
2482003681,2493086739
2482453990,2492142061
2407544441,2407926730
2468340573,2468626783
204304075,216648372
203950553,216182233
2331213031,2333119853
2271756522,2272159687
2274043456,2274257944
2183787362,2184251213
2187883536,2188203546
1234976602,1235448233
1240240734,1240419753
1236692691,1236861840
141097486,141451454
155953340,156176572
99488510,99891240
86800488,87189160
2606828583,2619469973
2614505873,2626983594
2609952975,2621485011
2614788882,2628126921
2608269271,2621407805
2614874169,2628222616
2606233381,2619093932
2607605587,2620139830
2417609748,2417903225
2105435635,2105851184
183561060,186475970
183467871,186333822
182948522,186688689
184368757,187769402
183511543,187487488
184439326,188406211
183912907,188397067
183155417,187081483
124528482,124773812
131629304,131822696
119905848,120354676
2343550789,2359370350
2343343261,2358184773
