495786309,495958283
20009616,20153701
497139482,497367508
497750138,497924510
18930082,19039422
19350397,19476195
23924198,24050270
502433813,502621753
17398711,17508070
496196006,496477430
495108587,495289091
501400244,501609918
497786881,497976974
499100920,499319400
497145400,497360468
18912830,19014648
44994093,45142362
496925572,497135712
497257280,497451474
509742835,510031985
497970237,498180021
500557444,500783454
19696195,19849409
19170434,19311976
19731360,19873124
23431782,23574972
19766056,19895057
504522254,504718993
503476355,503658742
498490467,498701287
19143208,19268172
502600356,502817568
20102697,20241239
29793206,29935589
19939654,20060698
20578434,20714025
19062722,19175922
499440638,499651590
499915701,500103543
498572987,498779824
19725460,19854877
19798242,19937544
500768954,500955435
501596636,501857244
17756829,17944917
37215475,37345644
19165788,19340036
495526694,495699616
493687512,493899095
512083254,512262729
19522029,19635992
19023353,19158355
19813680,19947916
499980236,500199436
19075957,19197669
17440324,17560174
494967483,495247940
19340312,19600163
492408641,492678986
494402985,494728774
20304672,20426654
496435580,496746047
19281506,19420024
492662348,492997855
19531751,19665213
494218230,494437313
502852842,503201426
498555572,498749471
497805621,498007683
499819054,500033951
494826896,495035028
498752845,498984008
19770013,19895168
23581982,23699119
501110055,501410008
20926097,21077987
20217330,20345001
491818678,492041737
500037128,500245280
494853414,495053176
498037752,498235269
497884867,498071141
498835618,499052484
20060395,20172490
19799359,19901012
19123465,19258393
19137522,19250936
23451325,23572479
500867795,501116967
21944350,22102316
20812298,20929831
19842412,19960701
502340274,502535288
18843586,19005314
19479766,19612601
24171700,24322223
24039108,24165176
498758707,498958496
496745082,496983501
495001531,495202696
495041125,495238377
19646592,19776206
490825317,491000836
502936212,503194679
497072990,497317942
19931589,20088401
495937890,496197277
18342338,18466287
489298900,489496579
24095449,24234537
496858363,497030154
491873545,492093070
19177474,19296806
484621776,484806341
502257653,502549303
19886806,20008108
492824831,493034226
494637175,494834692
20057578,20180434
486613214,486790361
19886586,20084403
492862904,493157813
500761461,500966317
501887828,502168120
493732204,493909417
19693668,19800904
18222913,18348406
19512134,19613732
19343385,19461106
493425203,493622784
489317126,489526912
494370852,494547074
20507982,20620830
18870594,19008728
491467456,491693175
494551404,494737020
19601169,19710057
19223715,19343989
494988999,495200979
19875772,19998959
492793668,492988452
494804287,495009199
19864905,19984800
494077565,494273125
497512780,497731297
501469037,501649220
19086689,19210697
18375755,18531346
495720966,495902093
499269313,499466388
495560405,495735399
496393667,496646748
499828819,500006051
19603536,19747026
499944841,500169630
494499365,494723083
492200468,492407098
497828294,498045383
496163706,496357761
19358207,19481178
495479913,495675792
502818789,503044755
514698810,514897791
19897986,20046631
19942407,20177122
500101845,500354317
17330148,17550105
15536934,15675824
17915030,18074197
16703195,16842887
20792707,20950265
495813985,496016576
498073198,498277065
24946887,25091953
492627231,492856385
19508949,19684494
18354067,18517219
18128731,18254326
19957470,20077727
19065110,19175074
19978509,20105392
494234409,494432382
496103794,496318281
491910585,492108795
498491356,498704028
19268661,19482462
495682365,495981132
19942248,20174443
492647569,492924289
495994358,496184941
499884448,500064460
19454119,19583707
19831699,19970406
22269208,22442575
495310348,495498225
497406444,497656423
19209644,19332278
497483736,497676926
495913991,496140064
19482778,19584902
494751319,494919110
19768271,19897926
19105598,19223965
21483006,21603653
492579871,492804584
499170301,499386410
17548481,17672910
18849415,18977347
490006559,490186110
19208540,19357150
19898138,20016744
19630290,19740969
23985056,24113024
497974501,498157134
16436254,16596588
19864291,19988676
495509229,495686978
499154261,499369736
495665406,495877033
19465802,19570161
499001818,499202057
19422090,19525045
19313495,19480547
497236835,497500319
506169767,506407566
25638778,25775577
496823590,497031860
18458541,18575699
19761986,19892718
497152645,497348741
502313341,502567804
19493220,19614525
22919540,23030484
497400260,497588836
19201276,19339997
498371521,498547523
498926603,499131951
496970069,497157506
497447761,497657932
506632371,506818313
19201886,19302586
22871589,23006757
494461418,494656835
20684525,20812989
497591212,497789104
494850807,495059774
498744155,498969262
496973370,497179280
497298643,497485509
19411767,19528181
19644050,19856819
19068812,19281555
21360286,21560738
32440208,32595432
19898812,20114378
498404850,498653798
19914135,20064857
495722277,495911286
497342999,497544500
23819779,23946876
22315937,22450784
21096253,21225254
19432585,19551540
501082008,501283163
497972645,498240618
495819117,496095123
23443428,23661141
22744582,22968350
494783213,495043568
17744165,17895043
501021969,501203102
499425594,499621395
19314644,19421423
21645958,21774396
21728199,21940556
501351435,501522426
496162636,496362589
496817997,496997145
498901776,499098132
21149830,21282718
17964743,18073437
19840565,19961728
19753542,19863082
498770592,498962781
497367987,497575552
18882317,19011001
495830555,496035153
20087659,20205055
20129484,20279794
20198779,20330747
495231926,495428473
495190234,495368527
20153946,20305860
497577431,497781333
17797334,17932616
19275578,19380434
496197469,496398409
19397343,19490160
496506417,496703547
503264003,503497606
503819778,504010884
495230005,495416305
493639277,493839072
490619929,490843170
18917010,19013688
492336751,492512461
493230823,493430585
19754505,19875313
494194188,494414218
491550595,491797130
17910857,18016825
19602229,19708824
19825835,19930597
497335898,497545881
492628646,492850923
496265576,496463513
20170489,20295134
502659319,502868330
496926193,497114779
497062642,499668123
495477912,495663943
502484542,502688657
19480754,19602089
497783050,497953230
493531366,493728976
496068640,496245117
19826650,19935693
19149177,19258363
492786079,492981350
21571312,21678959
495501180,495671841
497987097,498193549
19268765,19379651
495829649,496005636
20019530,20130679
18785895,18922596
19085671,19193239
496598508,496779032
495054791,495256541
503225061,503428146
498432523,498638493
494213816,494373177
18138513,18239327
19438896,19565133
488015263,488214258
19062299,19158538
494979418,495156055
497625211,497827105
495977784,496175681
493424912,493607447
495607046,495778463
489225043,489409395
18507378,18610845
490719377,490880291
19213667,19368954
495768160,495943017
19765186,19881508
19889277,20013412
515940768,516197017
19374271,19481723
492801868,493033479
20030684,20158049
497161748,497344008
495867379,496111205
19731920,19856373
500518976,500705991
20415560,20525462
495159675,495349790
19549527,19674439
493110038,493364998
499340690,499657456
495369156,495557070
498093710,498337408
18652276,18777745
489799721,490027613
491505471,491704420
499866801,500044787
498871102,499064864
498930048,499175351
498919190,499113058
20240136,20376704
493622549,493832194
498580868,498808844
498294792,498468429
20879613,21004022
19170075,19322390
498672230,498854633
23773196,23882287
495705676,495899428
21735618,21861176
18853250,18970982
497014632,497221265
521579455,521820960
499146647,499329136
491424943,491615303
494764501,494967781
494336975,494527478
492846864,493009877
502531482,502769476
20051763,20156507
19960067,20080042
19118940,19232575
23837218,23958788
498801370,499068858
501287324,501565049
24102476,24317865
17306355,17543151
20908404,21119987
24319006,24443696
20514869,20632095
19893092,20018959
19527129,19641540
18224301,18346341
494873771,495093022
497060574,497255362
19130990,19246488
494437977,494632007
17593914,17691898
15016194,15114600
492695852,492963759
495083465,495350875
499504723,499763530
20004451,20118438
19394447,19544063
22178761,22317285
495790491,495989585
497232156,497450818
19180281,19290330
496581928,496775128
498247548,498440594
19201804,19297876
495855245,496038157
17918578,18047246
490123703,490294864
491094246,491295528
496343631,496576898
19610045,19720908
19161147,19312360
16696476,16792976
494472428,494638239
19449201,19566703
20207308,20314321
492050919,492241020
495992064,496191650
498678344,498864269
19327417,19449383
20104400,20212961
19504219,19600576
499684908,499862768
498093267,498271118
495566729,495746627
512424987,512634474
491349158,491528795
19162575,19280175
19730741,19867727
500494349,500731897
19797433,19933062
496817631,499467629
20153534,20267722
496952471,497141749
19268794,19394507
20300505,20423691
498360472,498544794
495681527,495878978
18279038,18390741
19776115,19897373
501082647,501316253
495244989,495453391
500335587,500500915
20113769,20237958
496104989,496351745
496012445,496185814
495691051,495886311
494119830,494299829
18682081,18801144
496490463,496687929
19549637,19664967
19390085,19483746
493966521,494184196
23210622,23343060
496730279,496909022
497024934,497217162
496956928,497148122
20302538,20408938
19296487,19413935
497878603,498080548
497887831,498061712
496031237,496218652
498333355,498521587
496170168,496364236
20198101,20326939
495380442,495571353
19179747,19291502
20028099,20141402
19885021,20011061
19729209,19850760
495478618,495673079
18892449,19025209
497863043,498026963
20054932,20217057
19238108,19340142
497520049,497742564
496794113,496993626
16217328,16313500
503308422,503555894
18905851,19027103
19749768,19868184
499052333,499224319
19517585,19625827
487462615,487663486
495686711,495893468
491310383,491495750
494413477,494585367
19519801,19639819
19613721,19721438
495149506,495362374
494920169,495138731
19825088,19947028
20115270,20225147
23932389,24051682
494261403,494424567
492150034,492423524
19797175,19895612
19467953,19564942
495770530,495949715
488847126,489030592
491734036,491899507
502876370,503117908
19949489,20055956
19887382,19996675
20675151,20793465
15856545,15952709
20303629,20419298
500205328,500439190
20223760,20345895
19057209,19163228
490909213,491103047
19499446,19629764
496087153,496257344
24309251,24436787
23333956,23482724
20594420,20695166
21691196,21803637
489195254,489373705
501428178,501627508
19704526,19908302
20110161,20229494
497262560,497487504
499224249,499415649
497867098,498059800
500001225,500183432
19331811,19439089
497424227,497599550
499056762,499271519
495599086,495773435
499717502,499946484
19327389,19446529
498576431,498770718
498538624,498729222
498878806,499097542
20665295,20776345
496180524,496376849
20019850,20142321
23893381,24034947
19946027,20073688
496021233,496218947
498358504,498546079
491069870,491261304
498497333,498681988
18914226,19020352
496544675,496749039
15412342,15506848
496792868,496967182
492161430,492364626
20841987,20959817
493969138,494152570
16180160,16302792
500223391,500440602
500996608,501166975
19912032,20036799
500304331,500493546
19709477,19845122
494313877,494535389
492262156,492506252
500031776,500199183
496196804,496393897
19494472,19622377
492580324,492756484
498132776,498328476
503094604,503309140
499191734,499424627
496381999,496577286
497413594,497604980
18732589,18865430
20343673,20564414
25113352,25244607
496392079,496554813
19645548,19760487
497101040,497283924
18765349,18921955
495186393,495360433
502914882,503132433
497682343,497849525
19987808,20104638
496534939,496756788
495837126,496010594
19486836,19586546
494618578,494830913
500396845,500567922
20246210,20350411
19352412,19462282
492176039,492412308
497173488,497349024
20339279,20438922
19076359,19171688
497562214,497771439
492464656,492668796
497739635,497955755
501083539,501257816
20000205,20109618
497094701,497308451
19899153,20031030
496853552,497017600
19783770,19910953
491906703,492092881
494641402,494897994
491417727,491591921
495832396,496038480
493418350,493607606
492881275,493087489
493231664,493423895
19974271,20082122
499819052,500047567
19589990,19688483
495516987,495692271
495980670,496169399
488965753,489134316
493789213,493987900
496503735,496664210
19698928,19808037
499464836,499664145
503050500,503239209
500428937,500635001
495059274,495244139
15853417,15954838
19510530,19628891
20160253,20279441
19310784,19433582
499959791,500149097
1022901231,1023101869
668278758,668477650
22447364,22598941
21596444,21687976
501897289,502092192
496470863,496666102
501093218,501269014
18867313,18991778
19434056,19581775
496080203,496308588
499099907,499284458
495231845,495518876
499482902,499658112
20539145,20648380
19865743,19984813
21318362,21454599
499003919,499201809
20917010,21012956
18059192,18183243
19835983,19959069
493911670,494074935
19302451,19436478
497635820,497804010
497149845,497410913
496014710,496190716
20014240,20159590
19247005,19363041
499428159,499593903
489991555,490181392
497208287,497392099
499729219,499928155
20010492,20158127
495444028,495613589
496460905,496656667
496888771,497077832
497704004,497895535
19558251,19666894
496938083,497131616
500588719,500807839
497850998,498051215
19183871,19320948
497886118,498066880
19772743,19872032
498034648,498217046
18311224,18455214
19549735,19667413
20084317,20197972
21703737,21797161
18464210,18583960
20033834,20147692
15857315,15969400
495772304,495961949
493454995,493614274
21052708,21187816
20097245,20206337
497356766,497550771
497780910,497980323
497123855,497319870
496810392,496980136
497018222,497204951
20191862,20319811
494632739,494793739
20252027,20386277
494827348,494996230
492089068,492334955
19704228,19816044
492574239,492751673
500023886,500270574
496352352,496541415
19512515,19636210
495941372,496127293
19891272,20011585
492553782,492727648
19538111,19675712
500626137,500830009
17341072,17448311
497110975,497340328
19411521,19536513
497017251,497197317
20648814,20796744
22103051,22226454
20087165,20207566
19588438,19711488
490399660,490565563
19309793,19453138
22070832,22185450
19876582,20019819
19397242,19515287
492902677,493073659
18158854,18299805
19765406,19866714
502296706,502467814
490496485,490699911
494132658,494309772
20804034,20924313
20161535,20265689
497067825,497257564
18148229,18264541
20056163,20179149
497324579,497492367
19457177,19582990
19986988,20105931
19663516,19852896
497458163,497709170
495958615,496204036
22069526,22185402
497826951,497999514
495560188,495744662
494865106,495038832
496619116,496802485
499719891,499935202
496043284,496238179
493801478,494004363
17316927,17434295
19527973,19642949
494882374,495047777
497414100,497642535
18742387,18875133
20367981,20457784
492124323,492288474
496960245,497175126
23685176,23812008
495656589,495835791
18936108,19052847
498695598,498863676
19389304,19519264
497345553,497541465
497382162,497545059
492328401,492514790
494994992,495187625
500943220,501117517
23892073,24014187
23560275,23672004
492536811,492720358
491243798,491433692
498657106,498840511
19921692,20038740
492658004,492835676
494953116,495133973
19862384,19961106
495870556,496088400
19914939,20102553
491561269,491783823
494622938,494815148
494429554,494678539
491790105,491985698
499319277,499508168
16006963,16116525
499469505,499685792
19861433,19996896
497123313,497324927
16496920,16597831
19136124,19243665
20395260,20508755
494061115,494282347
19325671,19434317
20096827,20219937
494210596,494460456
490962007,491153908
496708457,496882143
25820409,25956184
19494634,19604931
19701561,19816814
490988135,491180218
497083404,497277461
20679902,20796386
20206607,20316628
19937213,20055674
19304336,19435220
18430400,18556354
500076669,500300444
500189817,500403929
504552509,504735687
496196759,496394974
495989379,496162134
491975525,492162129
491417068,491587392
493848203,494062510
492918383,493099276
494606820,494804803
496413929,496599856
20879190,20998499
25527650,25653736
19466344,19585500
20180547,20318827
500285134,500454401
19741671,19863282
498006633,498201561
493789823,493955589
15674718,15785074
497632012,497814010
496839263,497017081
499205655,499396160
493732535,493928313
20604267,20726277
15133505,15250891
495262945,495450999
499824401,500016195
19991750,20111712
494126295,494329960
495673563,495845832
494425697,494618834
493854210,494022938
500983095,501193275
500372770,500582335
19518995,19651523
491339704,491528486
492783516,492977528
494200160,494386644
488984450,489150422
496515232,496759785
494184241,494355179
35503092,35637848
496661208,496853277
19228894,19333952
497420670,497597544
18764936,18921129
494778087,494958282
490172759,490388737
494140428,494313120
498684764,498882897
19846745,19971051
501220678,501442253
491781872,491974483
497264114,497472742
19995317,20122587
496112460,496309266
497500135,497729140
19941539,20056035
22998857,23154899
20009070,20141169
21286168,21396628
497242782,497411433
21139493,21271959
16409298,16523746
19178554,19263149
502782771,502960262
22397923,22510668
493159316,493395253
19570153,19693513
20963341,21075287
499010130,499212187
495873610,496050498
497286892,497486263
498813667,498991587
23279144,23396737
499266182,499505105
19863838,19969742
501515403,501744664
500083343,500294134
19825992,19971683
24066353,24181722
497484097,497674431
498377055,498591252
522397208,522583361
15132311,15230558
499099630,499281287
500839323,500998481
20195178,20302927
490362729,490562134
19552688,19682828
19752150,19870535
498107135,498337941
498059845,498235833
20704499,20825381
19369532,19623335
503300848,503510645
494316475,494483251
495259320,495458007
489995802,490168719
496093561,496345184
19154872,19246744
21173692,21271831
15787046,15919264
497287083,497493756
22869248,23003560
490025666,490199841
490239684,490468771
490507476,490718258
492630363,492831890
492563157,492733611
494045953,494242027
494554464,494716544
498140651,498370963
499338546,499513458
493697101,493900357
496918463,497091201
498576657,498810008
19111372,19219342
496078805,496264991
16963281,17072181
20447230,20546738
19290685,19447618
490893076,491056057
19854226,19946702
19326241,19439195
494254966,494420890
496928269,497105083
497976588,498184570
491297554,491484993
20195677,20339104
492903458,493103238
492973967,493252404
21397541,21520684
20168673,20308778
496532617,496704553
21099177,21239662
498794376,498966909
19383201,19495083
19754231,19880622
562342314,562535192
21390681,21508166
489256467,489434718
497319126,497557230
20919306,21012183
494801008,494971713
20783133,20897643
497260349,497449673
19413382,19517280
493499505,493693657
500698878,500934155
21356152,21560036
19181540,19365959
20030707,20229809
19082775,19216070
20028982,20278432
19553362,19677788
19909977,20093005
17807234,17934532
20108388,20220276
17782285,17992586
20189638,20350587
19686572,19868383
498647895,498975817
19711938,19930594
19408784,19580725
497617217,497869621
491346641,491554033
497875825,498062520
19661132,19766999
500170017,500359759
498281262,498464650
24125497,24240462
496933012,497124826
500715376,500900503
501396270,501595205
22843357,22970043
17983220,18108167
502353373,502529414
496467831,496667509
496453279,496613419
16585259,16700260
498511290,498739001
495328125,495524433
494822074,495004054
505687640,505885475
500715960,500888871
494960079,495161626
19600780,19725378
493887945,494058014
494442880,494640557
16853040,16982455
19859580,20001513
18418220,18537620
19334509,19460259
19196260,19317411
491637527,491822555
497421709,497611622
496194375,496389172
499376286,499555894
21174358,21295339
498125493,498355884
501504360,501682758
19988257,20114091
499022275,499225128
20176784,20297678
20855323,20972711
498130892,498308175
26245559,26369269
495002148,495181109
19262880,19363956
499103458,499281901
501323846,501525827
495154082,495323574
496276778,496496645
492871806,493039072
19374316,19522325
498761958,498956248
16762286,16875263
18161146,18250605
499927273,500115319
497115195,497291711
19454444,19581103
19538208,19657636
497069674,497266570
19321521,19427378
17238125,17344380
17766823,17876175
15697783,15795723
498435690,498642983
17176220,17297034
497201929,497431019
497778258,497970261
489762553,489932221
19301952,19398186
19616450,19760529
488762362,488940036
19348752,19454976
23740932,23874147
21164195,21296178
19108118,19211826
19274111,19402088
496702363,496892191
499674000,499885901
500033367,500213454
20346692,20457307
497496307,497720498
496955900,497121013
19306148,19441853
501539976,501741881
499982518,500153355
20149152,20298732
19950954,20099190
497422551,497599810
501749488,501994885
496610706,496781962
496785478,496984537
24104786,24251339
498424759,498594983
493940381,494145234
493860140,494061109
21375825,21497932
19099834,19223641
19153812,19273295
500136809,500324787
501155067,501322360
497267544,497463166
497904175,498105832
20199924,20310133
15176018,15277395
18864084,18960494
498372292,498563476
499959017,500128998
495477656,495667053
22454158,22561591
497354833,497540004
495845877,496048349
491629486,491804768
19369253,19466588
498601862,498787407
18506813,18616699
490259911,490450206
493120130,493317236
19482079,19596123
20223059,20358549
498322189,498567643
19576475,19701260
24067818,24200079
502759768,502960095
495734842,495912888
495672950,495844688
493090406,493298688
18861507,18993902
497585237,497795679
18521274,18641308
19351468,19448761
498111539,498278005
18015885,18108973
498808291,499015457
493228067,493398105
19752900,19869131
22750639,22863227
20555842,20667621
19803427,19902814
491786986,491978778
490056799,490266733
497427986,497614894
498613980,498803032
19920163,20018124
495108090,495361194
20001860,20123033
20793727,20908635
502548389,502862384
494401349,494701951
497956618,498145318
498992976,499184560
496612944,496779861
19578043,19696589
495734736,495927052
17215840,17320119
19579227,19679557
495684189,495882272
495119699,495344769
19632907,19756795
502362085,502615753
19965666,20090588
515376341,515560524
18793699,18939526
20639466,20773403
504423288,504610419
495551708,495759998
496408013,496577137
493688457,493887164
493495050,493668294
497238673,499915380
497315565,497488561
499907948,500126707
19866580,19991421
500499371,500713990
23582627,23715914
494576160,494771048
19446850,19572902
501599739,501800269
502118730,502348952
497589804,497793139
495444325,495614091
497077983,497273018
20017828,20139503
18649743,18766981
497344855,497566247
496212191,496369636
495939556,496135234
496322292,496520050
493369798,493550394
498740397,498944213
19816045,19919544
495404624,495571898
496271032,496482179
16824801,16949492
20781532,20908595
493733123,493931469
20024554,20162913
496638215,496826970
20037547,20143365
19967192,20099075
24463757,24598699
499828488,499999355
18429376,18550701
16735695,16846571
492989544,493197328
496413842,496588781
493865667,494050066
496783805,496960040
500141499,500357762
496915003,497077385
493582071,493798392
20000989,20126882
20195225,20318060
497582691,497755748
20020277,20151714
496265414,496479656
495460340,495667695
496985414,497195300
18529959,18640663
491678726,491858071
497404890,497623179
494109759,494350369
19364289,19495246
499253999,499423498
498527223,498738616
497149938,497315768
499331409,499538006
499913682,500093327
18096449,18200779
491396733,491645013
19360605,19476543
19796721,19924658
500434865,500631290
22934201,23054152
498008608,498195535
19196226,19301852
492140791,492343886
23568585,23673124
497036837,497204136
490143529,490331671
21716239,21841542
498619633,498818156
495982964,496172292
19758601,19880053
18950042,19074482
19503394,19614685
498426905,498631830
495857291,496036252
493760458,493951479
19220713,19354229
500900982,501070186
496937666,497120608
20952002,21053401
20544702,20662579
496077352,496254441
496238031,496423931
501596653,501788537
496446055,496659905
19399315,19522248
496840344,497034882
16185184,16310272
19619932,19745148
21517733,21676051
22534632,22688247
35367158,35501685
19967075,20074926
20840514,20963104
498203188,498416530
497228379,497402628
494322810,494521559
495317786,495505264
499376286,499570463
16788050,16886269
20054108,20150317
15274998,15399836
499787335,499957084
499613112,499813845
497241138,497460096
500207853,500396054
20223312,20338844
19382217,19565795
17760168,17932660
498285925,498559808
497630444,497926520
18190165,18299383
503475202,503792316
503516870,503727192
496641428,496819696
495335378,495535377
498877372,499053239
23774934,23885183
494287691,494490879
495672701,495852926
19496393,19618810
22349687,22488507
497150074,497326137
501744450,501934334
18563852,18675245
19181147,19304600
505314658,505532813
498333580,498552672
503803821,503991114
24024223,24125115
19758374,19879579
499610205,499797027
17470687,17577928
19263928,19385925
19756454,19862886
494049088,494249056
494258175,494431175
19196268,19305519
495722903,495914146
492724639,492889987
494415185,494625997
495802792,495970349
20404685,20536981
498986117,499183853
493187387,493374649
500489434,500685431
498366376,498569452
495176308,495393168
18864955,18967181
495722083,495873321
18234602,18332865
491498234,491692834
491668670,491853592
493329094,493513878
494137617,494297537
496621157,496796057
496512399,496670401
497358725,497547580
498227068,498397545
497892990,498089517
497879356,498051673
23889146,24025304
500442877,500624890
501260287,501435684
498319742,498516540
21059309,21188281
18347438,18433343
493475671,493650169
499761890,499992972
24255129,24364268
19374067,19469874
495504373,495672566
494705360,494884126
495899704,496113727
499248612,499447074
496503185,496674902
20448335,20559978
494011309,494217393
19977313,20085578
19614905,19708882
23183997,23297415
491472910,491643599
488031715,488177002
18998533,19098877
21960973,22070901
497669583,497879702
493587566,493761650
21458772,21583625
494304402,494492958
498472919,498637240
502438670,502594693
20424606,20544575
17931368,18053020
497669211,497855426
501069177,501275444
499871298,500046036
494669818,494849451
23979517,24084819
16701656,16785377
493349731,493545785
22547994,22670247
19309905,19411112
496462810,496617154
18967279,19071210
499183022,499367243
22553462,22667746
22501144,22615482
496992581,497183365
19518666,19639027
498020882,498201766
496557386,496764626
18678919,18782237
19872916,19979939
501374802,501549607
19143877,19270042
500128161,500280613
498807202,499034916
19819058,19934172
18413322,18544722
496833541,496994987
499361116,499551021
21824581,21941653
20123090,20222336
499519441,499689359
493169439,493354909
492342955,492508747
504368903,504550146
18615457,18731171
498565917,498784492
495908802,496092896
18610548,18714028
494697356,494873322
492307129,492489949
19560954,19675675
501788407,502051989
20184383,20303911
19122770,19223322
17546415,17666427
19650843,19772638
494803313,494985248
497898908,498127770
493306743,493465660
495459894,495694004
21942190,22066909
19275140,19373565
22226859,22343410
19729811,19827604
22912209,23018391
498715989,498954825
19861259,19967115
21216952,21339752
17711759,17788335
21090942,21198810
494610866,494802035
23223827,23338481
23157044,23283725
17736180,17819150
494948694,495134793
23759685,23860980
498972529,499159834
491187474,491368053
19378096,19511309
497834322,498043800
18416691,18525711
19680148,19828516
19948768,20056206
19251802,19363153
20045187,20165655
499814503,499980380
19815418,19953868
494266485,494444430
497878877,498075824
21674799,21781373
501942848,502149579
495437320,495619629
499587546,499783900
495606277,495826257
495235904,495422247
498342461,498531195
15123882,15208908
495519934,495700107
493456268,493633492
20036290,20132962
492830730,493006853
492216196,492392371
20807123,20920556
20050474,20187279
23881116,23999753
501803457,502006056
18660606,18761981
499746243,499913802
499647471,499833568
500624228,500827330
17941921,18037400
18245443,18349241
488759589,488936565
19964881,20055035
490284798,490464879
495304168,495529687
21919049,22035245
494522542,494695507
500824590,501015548
19496377,19592737
500132094,500298461
19088485,19220235
17490590,17585978
492562527,492736126
19483574,19581949
491064220,491247615
20018600,20146663
498693516,498890592
19831459,19927798
493435065,493626311
493026699,493272646
20729461,20817657
19014272,19179079
19308152,19408780
497353145,497519184
495318646,495512784
498735426,498967511
488774614,489007516
19971443,20075896
493838609,493997537
494141797,494388068
23391258,23509166
491212982,491381655
19913165,20023038
19712675,19796354
494434709,494603086
17867486,17960854
491044170,491239519
496307148,496486388
19961729,20081516
17851720,17977856
496160615,496326235
21662612,21760104
21821902,21934839
501064023,501284956
16685334,16792170
493950738,494156292
495318043,495500251
496878693,497075563
488106705,488298045
502579686,502781821
19381338,19481311
20125815,20259159
19265391,19377975
494656102,494847095
498618419,498820945
486544344,486708083
19067514,19163056
20122557,20228589
498851855,499073888
21262868,21367963
495465982,495622171
491136191,491397074
19337102,19455329
493661657,493836491
498094146,498312202
19857185,19949927
19822557,19917725
496448086,496622525
501662103,501844092
16803721,16894465
21574629,21676889
21311647,21429499
15082072,15161220
15099141,15215028
19416398,19506431
19757868,19859370
497431546,497676309
493944098,494152685
20199310,20336115
497405533,497584147
493851779,494047854
499186096,499368707
494102563,494288320
21035839,21154653
18643559,18759479
501811971,501986895
19228126,19330537
488480757,488637637
21053957,21190254
21971747,22087260
18792658,18910367
17332472,17458592
493982730,494165613
21911867,22027496
499515018,499672914
496842860,497037232
19701168,19838529
498981120,499201353
496046975,496248102
23799729,23894314
498150377,498321210
19282157,19406602
501057212,501225507
15564920,15666782
491354846,491576818
19737634,19822394
19227007,19334949
488493421,488679895
20024831,20113079
19354221,19445872
488768117,488952462
19115909,19254584
495040170,495212625
497176816,497361816
21149527,21274258
496582432,496767347
502442743,502672581
500118736,500285224
19328239,19441552
496627349,496816292
498001141,498174927
20063808,20156810
19954422,20061942
19690357,19789535
18063776,18162749
19098240,19212996
498246022,498431403
19309398,19425705
499378657,499537011
18385102,18492715
496734338,496926379
19649534,19739238
498800760,498991951
491835307,492037177
492760798,492950297
18286826,18409262
18570520,18711149
497793521,497978014
496232780,496397299
16621625,16723371
18225901,18325562
15212912,15361354
494172502,494335292
491902049,492096824
678005562,678179045
493833700,494021501
496725586,496926809
494243550,494441949
19284888,19392905
496262959,496437272
493084930,493253951
495141842,495328460
19243981,19362060
20749274,20841341
22155004,22274393
20136214,20233744
19944115,20037234
19357693,19459179
494727537,494975549
487901681,488057318
499224678,499433501
495149714,495332795
496961868,497149430
20831266,20922804
495778117,495975050
489559892,489719216
19642229,19727490
19966651,20047738
497253410,497461151
498802326,499001977
496329273,496515583
498263570,498484426
495658903,495841899
499052114,499214480
500281031,500507200
50358381,50477987
493767339,493936787
497997270,498246780
19624521,19727734
20041890,20148482
18594689,18733802
23254252,23362229
494323273,494505866
498279907,498465954
20026018,20125486
496353629,496537927
495790343,495954667
19886252,20012187
19083888,19211737
495762226,495977425
490467536,490645295
21989843,22082000
23707280,23828736
19950706,20122157
19374127,19584604
24909146,25113818
499427043,501254731
20026779,20141289
21065331,21185524
24323395,24422067
495041319,495222867
23685817,23784084
496087602,496323373
494388792,494655992
18531904,18649311
499193877,499365091
18065301,18190260
21687378,21798485
21761434,21864432
19334400,19436949
495511676,495698452
20033859,20163301
19839000,19956274
492850703,493033242
493702057,493890676
492860006,493034944
19126658,19217997
494650414,494862947
494838799,495031466
491986137,492185714
494503042,494678338
498025827,498211852
494511389,494675644
500621410,500861448
24018794,24120055
18790460,18882542
20226172,20323044
21719845,21818329
498911030,499107361
19235923,19356841
25330843,25459212
500167524,500360341
497708472,497902281
19390002,19496181
19414932,19537087
19934995,20034182
23816452,23922010
20031685,20132360
18913909,19002652
499642209,499839310
497421592,497611343
494331342,494508086
491400332,491598857
496829695,497015303
493877113,494058018
496893189,497113207
498817790,499008141
492724992,492927938
496978772,497138155
510867364,511070723
19598873,19729882
20012014,20124891
19634164,19755607
500006405,500168580
19343477,19474542
497745597,497910854
498314252,498521066
494972667,495135231
20210785,20313299
18752270,18873830
20036682,20158388
20225252,20360702
495968886,496122903
19375208,19469748
19824867,19927088
490746255,490923300
502559461,502734474
20681619,20777242
496211804,496401416
19156882,19274859
19228253,19330013
19821411,19945409
496174826,496365272
497347611,497514012
24135781,24265735
495046707,495251050
23471469,23581473
20083500,20199571
19230223,19353057
19637994,19753460
501442286,501635868
21651943,21753660
23067373,23162740
20716850,20834562
496282735,496453152
19471876,19600831
498816236,498981070
20354577,20465095
15954270,16061687
19348051,19485108
23995373,24107837
493723410,493905067
491833207,492050091
19499949,19589774
19586527,19687539
494767374,494976714
17190888,17283377
494843197,495010720
17120053,17218366
19257518,19365517
19204865,19343268
498107060,498304789
495066702,495285592
20397037,20507349
24028492,24155259
500427393,500599057
18969367,19061760
20524271,20636046
17720580,17803637
592835910,593017059
494166000,494361343
490753879,490933241
498030009,498211678
500580723,500750274
498053835,498247731
19248730,19362091
19691882,19806435
498785706,498963007
500696019,500997370
19713217,19812051
496174869,496428998
19526915,19720790
493041953,493230519
19428544,19548929
21720801,21857929
486516367,486716020
490957639,491122960
497388131,497574994
492794112,492991583
492503246,492785543
497198619,497408587
19358771,19466063
500623230,500830201
17487924,17603907
20785377,20890095
497855154,498033112
495799153,495966123
495791539,495975386
18096894,18220578
502300082,502454304
496253985,496432583
20156449,20253344
498580075,498764512
23943548,24080168
18242483,18334625
19498125,19605195
19939142,20022007
19391610,19512481
18938201,19037783
493390088,493571792
19243208,19382158
499741343,499903188
501985876,502235852
498038312,498205558
497974789,498155703
19848790,19955712
19098930,19193269
15056457,15147951
18301314,18400669
20042372,20149577
499747458,499943582
17172337,17263408
496994882,497153819
16200089,16290241
498083744,498282171
498737556,498906526
18816450,18946252
494028337,494208069
495182127,495346180
19376187,19508189
21484056,21616988
21326585,21415811
494612226,494777189
19656095,19770744
19594617,19707567
19058376,19178873
18846200,18953506
496343875,496516967
19305187,19409418
20008381,20103966
501704320,501945335
493867336,494036485
20044380,20183894
19732994,19835675
495117967,495289534
497485845,497680121
494898094,495063136
493503644,493691123
495163391,495344930
502794496,502998324
500487547,500698014
496380099,496565608
498373471,498608672
492064624,492246795
15829241,15941500
492857072,493031191
23021195,23145530
501993081,502181392
498589481,498755578
498765887,498970648
498935860,499096896
21712357,21843281
499173108,499355126
21783502,21893388
495722746,495905292
19315245,19439166
21449160,21550958
519927457,520115537
491849951,492013953
493557680,493748164
498585690,498753487
503939901,504129971
498238720,498409551
498057891,498244581
497560389,497719469
20078501,20177468
495859285,496103794
495862756,496035830
495894876,496077867
494167582,494381315
501153485,501355527
17655732,17757420
494862366,495033866
493501134,493693222
493930521,494100582
23825688,23936654
493739607,493937763
19923760,20030365
19512322,19609193
492317408,492511139
19187581,19294388
494850128,495014215
21374578,21495169
499216942,499393751
20252668,20355165
497919744,498097868
20376557,20498725
16047327,16144706
495179446,495367041
499185567,499374014
490713363,490901079
18871140,18958899
23402286,23507062
19790028,19920346
501088380,501281896
14675102,14800649
492196840,492369435
19437179,19545644
19249159,19408618
17901861,18025175
493447026,493607586
495891743,496076688
496512390,496664273
497562442,497744693
23154772,23249961
498721446,498887651
18380323,18512712
495853564,496021613
491080234,491263236
490659371,490822188
487409500,487601307
19309401,19404268
19552251,19656824
19396871,19490990
490454426,490638510
493919397,494118908
20176423,20281396
19216855,19311968
492325523,492505464
19987092,20134666
489484559,489631439
494942372,495128213
20112765,20235360
19736581,19855382
19530348,19658297
20126170,20294871
494490006,494745891
496897710,497098910
491874928,492103189
21079975,21204159
19925767,20046547
498337097,498489408
499171134,499363577
500610655,500825546
497477203,497649624
19855941,19976319
19313042,19404351
499078069,499333937
502995718,503299152
493971989,494131960
500213403,500436618
499735321,499891950
18717132,18814073
496319560,496503933
495617516,495782939
497579417,497777356
19354010,19458024
20175130,20284390
496274927,496448474
494135501,494352201
497943231,498111692
19527883,19621829
494918851,495097653
494666930,494853554
498205501,498403580
20021751,20138930
497821079,497985207
18802071,18935809
20188999,20304087
20007221,20115624
20135461,20244558
16961647,17062466
17260075,17357669
19951457,20071424
19260683,19390745
19896903,20006788
493526675,493744005
19373450,19494358
18902395,19010113
499485394,499663827
15358172,15474189
494231940,494403631
499970282,500148785
497907801,498077293
20629361,20738132
497229615,497435455
18496544,18611171
18944548,19055939
493925216,494130371
497353584,497515045
24119527,24225066
19477487,19573200
496608689,496810633
19809893,19917345
497100503,497261362
16612553,16726639
22659281,22781373
491947126,492111220
493936043,494107016
500387353,500542874
496168031,496377321
499013077,499221554
497318341,497514189
16310618,16394398
494959580,495129446
19733918,19837403
19263291,19372533
19057502,19172330
492634827,492822250
24211109,24334207
498537591,498736853
21310935,21438214
19946070,20064245
20176848,20294266
19913227,20035448
499049790,499235085
493120138,493276504
21952622,22050966
498156959,498382182
19934346,20045867
19262768,19382101
494973831,495140180
488796536,488975209
17442687,17534962
490924855,491080843
21657360,21764966
20773195,20884376
495563237,495761236
16078924,16179353
496369266,496530212
18869501,18976979
492370078,492535240
495231847,495417556
19034686,19152659
494781092,494968986
498790852,498981942
497449808,497618942
490381613,490590410
22699650,22809830
496298479,496457081
16324690,16420094
19161060,19269264
493188451,493409033
494889062,495092591
495283984,495464510
20674649,20764707
18022786,18124836
18882978,18984295
495999202,496169237
489051641,489268188
496843291,496999330
17915599,17999911
492410610,492631468
19865199,19983760
19309505,19428579
19634738,19739024
23919471,24031711
21866729,21962906
494801909,494998767
18428201,18526084
482237309,482394290
496541987,496722826
497373801,497546760
495583755,495751333
502349792,502500343
18864386,18956978
492080385,492266106
495463219,495686031
19508777,19595792
497059198,497270043
494473942,494633681
495167343,495358191
496254526,496518239
19686567,19794668
19853670,19974290
497978920,498158593
498976898,499144133
502198533,502397329
18391765,18481249
19382159,19489003
19327021,19438761
497444134,497608008
495699622,495877445
499353446,499509458
20861607,20987371
497678740,497875283
493344989,493500728
499131617,499320900
501017808,501174765
496490871,496698120
498782949,498952105
497954212,498143133
499175705,499346919
19317735,19428528
496633805,496844369
494895340,495096095
16041008,16135835
497651347,497867894
497148138,497388245
495607003,495799533
491853432,492017400
491108182,491310015
501776257,501953648
16550352,16666489
16960639,17068509
17392701,17473567
21847397,21976924
493106906,493262565
22016345,22129470
496788587,496953641
496898597,497096913
20025147,20128120
502627776,502793491
498554529,498745200
492649317,492816950
497276825,497498698
494458877,494651832
495875905,496051528
494450554,494599762
17736110,17828044
19973885,20066789
18941163,19031055
492199759,492405229
499336999,499499800
496896301,497130859
488891143,489064176
19381053,19494726
491852338,492018032
18715825,18823779
19921354,20023212
19751945,19839840
17454604,17545469
19711403,19812153
19523221,19618910
500365169,500550267
19574076,19654407
19170892,19259880
491271704,491456303
495005908,495200219
496952138,497098163
491813926,492034938
19288551,19375371
17769387,17859718
491547929,491716478
515290102,515485593
495108979,495295821
493734762,493939366
496533498,496704686
21115207,21220932
18705794,18818666
19233139,19331582
499852094,500092121
19989016,20094907
19400266,19515250
19910400,20015880
499846599,502502766
21571576,21700713
19978564,20103375
494733253,494896721
492483971,492672378
495563447,495738392
19994496,20118327
498631740,498830996
498253671,498434589
18358094,18461559
19689736,19809317
491037151,491207333
17855530,17935796
20378861,20486453
19623568,19735586
23684395,23807614
495442327,495627409
500122399,500323810
498542034,498709279
19887439,19989386
19806056,19937332
20046528,20154315
496094238,496250482
503776054,503972910
21093286,21206397
19924216,20035406
16075594,16180866
18424114,18525643
493645913,493829585
20350688,20452721
19948180,20052427
495355002,495544921
19335371,19439696
20136526,20231036
17880032,17986693
19818980,19930637
19969286,20073156
497544832,497717308
497554531,497726707
16250610,16355630
500907630,501086688
20048589,20171731
493868062,494032394
502198010,502377809
496011761,496171661
498587062,498798908
19913661,20019006
498194834,498366741
17010185,17140827
14956780,15068885
499946044,500116408
495421038,495601074
496621580,496793047
495438691,495625053
19525341,19631736
497043259,497221549
498474233,498682757
20277733,20374264
500539356,500708500
499783274,499968062
494411612,494583015
19659589,19764116
499931534,500129819
17692091,17769005
491733732,491887221
19393021,19483682
499714080,499880160
499310183,499466888
496439487,496625851
17205001,17318398
21789919,21897995
492005161,492177879
19376949,19521210
23497886,23594313
495411561,495591791
19013627,19093595
17387479,17493915
19645575,19743570
20504718,20609398
495757834,495937635
495678200,495899044
499361920,499508846
19601926,19722107
497877772,498053222
20788962,20891380
501328426,501518736
497613258,497798448
19893068,19994376
494534087,494699847
493630976,493812887
19671772,19802481
19572222,19669283
19260399,19359818
19940091,20039504
19078144,19162893
20372278,20484845
15233340,15342236
19780158,19876482
19459149,19598273
496718648,496883402
495824822,496016354
495699914,495853290
493094298,493305068
492471474,492635105
19800122,19883390
19509688,19606661
492529086,492727598
498910588,499081620
19361321,19464696
492841912,493028865
19377129,19484030
19423305,19504133
495776421,495962146
22590296,22703610
493394474,493558362
496708109,496893569
18215766,18321386
19096792,19211694
495711693,495922652
499749987,499912763
18670399,18763623
503884296,504068702
19522343,19644676
19713294,19822913
17261584,17363056
23375776,23474509
601576522,601837568
70695431,70811177
720143227,720403304
19118491,19207749
19486934,19608372
17452078,17556638
17666382,17779331
495579028,495785754
490333325,490485199
491639613,491832915
19076941,19186662
500156030,500343956
20070032,20191050
19749774,19922548
499850772,500126977
489755199,490049325
23627262,23737457
497970356,498201010
513314975,513572645
493188507,493348825
492861779,493078084
19491618,19609747
491429077,491595133
502595814,505141621
19069459,19166868
495939548,496093062
19133139,19247036
499025236,499198104
20065809,20177314
21823556,21957070
493512634,493670467
495636868,495821807
499792154,499969950
498011936,498196043
486143724,486307983
499717682,499919178
19209085,19286463
19341457,19447366
493558743,493720830
495374651,495565894
495100011,495257425
19770562,19867224
16316858,16427290
492500225,492712921
495463753,495663353
495732452,495917864
497681708,497834702
499319583,499518875
18826027,18922311
19938133,20031211
19266537,19360551
15319865,15399537
497581031,497763014
491779172,491971104
19599364,19715621
495689253,495859514
19798843,19919976
20103570,20208513
21754338,21881548
494830103,494992817
18762378,18901086
494740393,494912391
19001849,19121937
17154309,17252419
493920114,494116306
18398312,18500095
496504001,496688629
495304919,495480767
492397231,492559287
500678433,500863337
21439584,21563365
494792458,494970869
19995108,20108816
17066974,17163574
493228345,493402086
500122470,500308757
19898424,20016650
498342628,498512969
502950905,503188069
492159119,492313109
19694942,19796641
16440400,16529057
16490634,16593201
16980961,17121352
22127458,22230293
488589202,488758763
495597708,495858435
494946179,495103977
491811852,492005332
498297866,498462032
18891976,18992404
500177703,500429452
493555782,493743007
493996688,494185462
18924155,19010004
495188700,495425849
499112972,499342222
491342838,491554795
20194797,20286233
19921051,20059896
497134414,497297224
19581751,19697760
19364077,19475379
18294398,18435976
15204475,15301467
490559905,490770413
20494545,20607122
498429248,498598546
500644892,500828796
19121985,19226946
19562403,19670068
494562298,494736018
19384357,19486328
495808623,495984070
498872185,499058186
496467028,496633511
17894133,17983682
493474675,493684201
18055667,18152015
496205349,496415141
500416091,500615034
16421676,16535554
19105436,19225483
499656320,499876033
497736391,497913814
498911722,499087227
496885132,497076301
24387516,24494819
499660871,499820111
19498978,19621004
496420038,496578608
19400790,19516913
497631168,497824632
499615661,499776439
496639301,496835095
494395973,494593455
493917321,494095013
500394805,500555771
21982603,22099021
23858489,23973253
495191564,495412770
22259786,22366112
492856188,493019269
492454145,492640778
19769422,19862059
17541076,17634050
496148845,496316807
18475830,18575970
19188796,19296874
496095371,496280570
500849607,501033823
497137995,497293936
19969256,20069791
524824568,525024923
518464336,518626807
499640771,499823912
20039170,20159594
491143293,491319139
497745962,497926173
19794472,19897252
20156256,20250624
496205331,496375352
495554641,495730215
19498330,19597868
502381849,502538410
497205043,497481806
491948641,492109899
19463389,19571764
500601142,500783867
498924263,499091732
23905326,24027022
19545813,19662069
491134168,491294039
494332765,494538091
20801419,20918373
19003444,19114530
493377713,493543960
496286393,496553897
19960412,20130309
512971815,513134606
24133632,24239384
16146628,16253952
20247273,20365991
494172116,494339918
491852312,492064883
491720455,491906159
19184334,19269437
497456496,497665012
496847528,497012399
499971463,500228168
21175730,21381045
18024640,18114151
17988089,18102627
487523863,487803136
493182245,493451274
492732811,492903973
23760390,23874810
494660137,494865123
491363823,491526981
18141895,18230814
19773847,19871035
19347174,19437847
501939452,502140900
18548526,18655816
20470413,20580826
495841865,496051618
495149877,495312383
19092079,19202323
20358255,20452770
497903556,498122134
500241977,500461102
16201387,16280019
500628953,500850562
499557833,499734900
19304482,19393087
19551198,19665248
497353881,497537826
493935638,494114666
19619959,19722335
19935590,20079461
20032971,20162283
19989912,20084651
499196799,499391159
489023402,489213874
498329710,498547857
18235864,18331311
496878837,497062441
499251781,499438348
22736046,22865667
500919110,501099329
19302715,19389362
19305953,19418476
495703881,495883805
497519175,497672108
498333420,498548012
19165809,19270887
21019505,21137687
494388188,494550678
15127497,15241653
488582707,488795133
494598261,494782569
495555869,495711391
19112153,19209211
499197481,499434746
491251469,491421760
494863007,495063976
499405153,499605075
494090949,494271657
498806417,498975404
19712188,19808160
14571408,14664074
495698593,495914300
493532100,493714160
20021465,20157654
496493580,496672583
498539877,498728668
19821695,19923092
19338410,19463671
494269852,494432823
496251315,496515713
19741738,19840809
19229553,19348277
495270551,495462097
24182917,24308260
495162503,495322719
501100335,501288361
495285580,495437139
494508691,494709055
492835118,493021772
21047074,21148175
494741453,494916674
497344967,497506613
19067980,19163709
498549340,498733672
494004587,494180365
494626846,494808542
19898595,20012360
20010735,20106363
23409979,23511082
19577200,19665066
494564418,494745584
18311026,18408530
499363230,499547337
496134979,496330390
498972691,499165546
19355184,19472267
500249864,500417595
499156913,499344468
492633644,492800882
495174820,495356132
524814157,524979905
494036711,494277521
19715105,19834236
661271030,661446614
800562319,800754150
20476530,20593287
517775687,517939407
521554019,521742814
516011505,516179710
19612852,19731990
539986900,540201551
23194155,23313453
20463053,20627452
513175552,513366144
499316518,499488479
493479765,493678084
498651395,498866729
501895356,502090727
493768452,493938712
492425602,492594973
19917725,20029209
20116931,20228353
495897736,496067240
494218193,494407622
23332396,23445336
499066526,499265121
498143745,498322460
494535390,494693997
18803293,18898556
497882459,498079030
501156175,501348267
497192280,497368774
19451899,19570989
497439735,497648287
19964728,20073825
491424983,491589470
496507052,496687031
495072405,495233336
498091868,498277476
21471645,21588990
22737460,22849006
492656988,492830803
490738533,490914322
493232093,493388621
488950603,489147269
490260550,490418508
493294177,493527927
19457863,19573063
494924066,495095161
491818495,491997448
19920918,20023274
19412906,19545160
495560714,495740064
500121999,500300575
497490581,497653491
500775321,500968738
502229459,502391431
21597730,21711400
21071747,21210663
495477080,495665293
20070277,20159938
19628550,19747004
491629734,491791925
18391595,18508481
20082267,20197366
495208795,495459797
497302490,497514133
497236047,497395961
19692520,19799209
20540736,20652060
493664463,493841924
496241664,496402334
23908087,24026397
501882527,502118032
500012825,500175216
499712256,499902812
19397184,19507381
499447462,499605712
21683768,21806564
495222458,495406677
