783623239,785127946
314551843,314970990
201465588,201857299
247022021,247419425
221616429,221879354
247858455,248345922
4275377685,4276500893
131805584,132363040
169844733,170464014
5751194714,5753219381
5700932588,5701657571
5567024422,5568200144
5593468819,5594158914
5508316718,5508971497
5484384966,5485106133
5636078016,5636646141
5678245474,5678889347
141587710,142086288
5876852175,5877455261
114882798,115278746
215996418,216647226
192929714,193298878
181045928,181421904
186018524,186546781
164597378,165262021
173580138,174118114
153078350,154810321
157255781,157776895
103847866,104582805
4419137488,4419901634
5089409689,5090289303
5180411789,5182471461
5140668336,5142684968
5125907752,5126602563
219607480,220066288
137846351,138099773
5061806496,5062491208
5092045469,5092684979
162526210,163018569
157366434,157782180
187696349,188122334
5213955844,5214708932
5221878456,5222375520
111338579,111865541
142840702,143227941
204353902,204873283
144634418,145124668
168953321,169495709
5167742174,5168417209
90661684,91179425
5119898524,5120508479
5145661795,5146431616
5105041945,5105719271
5115827133,5116482600
5078427441,5079115273
151362117,151718343
189017114,189311173
5011771381,5012555104
5110869772,5111564966
222818518,223267795
5042564301,5043267352
5030054136,5030686506
5166499160,5167221483
5094355721,5094946129
201778808,202287435
127324298,127853888
5072583262,5073390660
5096017080,5097052463
194896317,195279988
5132987538,5133527963
5000465305,5000878410
5249641897,5250243922
201618920,202046457
5069391442,5070006553
5107917011,5108658837
151092213,151602391
148886950,149359766
131544512,132039050
5150118663,5150648552
107700261,108241642
172170356,174842255
165104348,165732962
120080651,120605446
5221583129,5223765588
151593589,152055381
152019009,152709502
5112944608,5113810324
185677399,186120786
186415198,186661155
119862696,120396639
5064508348,5065139713
5081616002,5082156360
5094348151,5094728346
5044555112,5045117826
5089190295,5089675915
191514589,191798981
4978498867,4978984808
4561926778,4562573370
4155459997,4156019709
224457638,224906329
253172954,253547580
3885113068,3885707303
3802175392,3802719073
3208241399,3208751210
3222009543,3222453903
195500206,195970853
224151015,224567046
162811838,163269941
3668282874,3668872661
3713845643,3714411889
3724308039,3724970434
3764049183,3764619027
184828956,185251196
152573810,152935100
5259046526,5259698686
5273356229,5273892628
5293229551,5293717345
5297245483,5297582994
5181586738,5182223013
119199397,119567857
147168108,147524413
165191606,165659911
5181713973,5182240063
211957387,212226219
129177708,129588910
124788408,125329792
5159191553,5159734222
5218971099,5219568709
5136676802,5137309177
5160386446,5160898864
192761794,193077193
151917603,152513542
207808695,208231899
5067695626,5068285352
5161238000,5161927681
5083276534,5083771725
184950095,185428773
5105742534,5106067239
5103478265,5103988260
190649498,191083539
160396248,160675089
5099444828,5099995682
5418017862,5418570861
5307282819,5307898369
5211573237,5212112346
5227018685,5227343194
162795307,163242753
5264954898,5265534621
5344490543,5345029476
5257717617,5258222206
5304496630,5304978914
5310501964,5310814446
5254377247,5254875728
166164575,166566708
5010458443,5011281345
199590643,200040338
5142472134,5142991899
5057748557,5058094857
163990427,164320311
131339399,131792166
143174358,144025059
189554704,190038577
181785760,182166781
5093594115,5094308204
200534172,200933337
161657828,162181055
5064654829,5065247040
4988946778,4989426299
5164743761,5165093248
186234875,186629320
193517520,193898139
187235772,187511672
114072461,114604857
203917750,204207666
160316996,160706756
5173705104,5174222075
5175305210,5175867870
5108051915,5108544714
131085953,131504662
200394338,200844280
5196918157,5197413882
5151756571,5152316383
5169712310,5170180730
151981518,152423646
196511353,196958731
5145276696,5145782112
198649328,199074020
5191230577,5191776252
5290170062,5290670959
5314179838,5314662436
5201909774,5202332761
283404375,283769828
5198197603,5198476889
5098325228,5098879472
100570714,101133912
186599002,186964715
225088462,225732717
152067188,152421557
5121753942,5122230021
110006980,110481249
5072459575,5072958299
190545365,190920452
4937402130,4937806948
148752101,150162085
181409347,181765616
5052045823,5052593622
155745984,155945315
199205594,199549998
130156717,130380735
113164672,114313170
4845752542,4846329999
4928708914,4929285744
157343790,159236582
4871903134,4872248451
4804699913,4805307963
126521240,126920536
4902778603,4903273337
284182073,284546779
142058869,142441298
4971613815,4972205637
112981203,113346538
262475246,262937551
5023169609,5023728297
4981859660,4982373909
162251241,162494448
4986569868,4986887827
150726325,151101350
155166951,155377509
4902201113,4902644008
5004055674,5004572325
5046321293,5046721493
5043892270,5044422369
5060832479,5061335368
155468942,155926981
172885396,173433120
4961968735,4962516835
201504861,201972663
5060103011,5060703532
5059998045,5060485612
4908107022,4908575033
5041036438,5041499682
5130419202,5130752294
106673731,107131433
164212931,164510917
113261354,113602662
119658479,119954463
173985728,174385789
224426267,224781023
191605536,192152898
5013324147,5013803462
5091747339,5092190086
5077683365,5078106694
170116571,170340737
159514883,159829637
5039100878,5039470551
183891630,184191389
4974947022,4975430670
185865404,186170117
4958020557,4958450715
154694320,155110582
171014236,171388005
201504289,201976552
4964183796,4964656275
4975451823,4975839611
140449034,140899666
132667041,133049457
168143548,168483022
5066662594,5067487429
5001487885,5001891987
5066841250,5067310590
5089567935,5089986571
4990269026,4990706175
5141311282,5141622820
151929233,152283002
203065275,203247978
171657783,171850513
5046596652,5046982333
201326699,201652049
186937936,187228218
164653153,165075733
5058489974,5058891128
145691417,146065570
180588751,181140917
5099843198,5100160404
129822102,131178515
5078790383,5079251595
131071355,132462064
5065732242,5066069251
5004823179,5005271204
122249287,122662488
249143964,249443571
5046007202,5046460872
5040523870,5041010873
5049329602,5049620751
4975942586,4976414152
4963249435,4963636175
4950269972,4950663927
107383452,107839117
4970099231,4970470529
165587682,166004030
4864935781,4865448659
4858663328,4859114987
4966379931,4966771905
174319907,174622353
158555800,158847323
166833332,167237123
4937633472,4938125232
4896003039,4896473137
4948266247,4948759081
4889813955,4890198042
150902505,151217780
4946845692,4947330361
4943304553,4943688676
4882038585,4882574408
4999911919,5000308554
171925060,172230516
4918135906,4918692549
4847901450,4848296984
127290971,127657790
179071679,179377514
4740226068,4740675399
184450035,184834395
4806482681,4807099530
4848584447,4849122998
4729488381,4729870515
4629813522,4630236390
4636082934,4636372670
4040678055,4041132798
3575615441,3576037197
3600091487,3600465320
3021544811,3021938611
2192947377,2193348630
182484070,182789642
199763874,199936211
215241059,215415906
256662011,256976316
125512908,125960919
167353265,167623135
130616706,130916158
4932329332,4932792035
4970440840,4970862125
4981445957,4981829923
5001063608,5001390975
5019676258,5020009905
4985331454,4985630329
4939373226,4939771130
4888571314,4888942201
181088932,181411352
149193177,149511201
160630590,160960513
107229444,107580281
4938531546,4938943726
132293901,132563911
171757814,172226796
4975964480,4976360630
5004238189,5004649290
5042446191,5042829904
5065448143,5065792555
5070054519,5070291178
5076421192,5076643853
5061105437,5061456259
196612910,196856817
189393316,189530255
247519057,247672451
5082421844,5083035758
5141168204,5141755037
160324894,160645607
5102794490,5103224530
5055982222,5056461437
5137863420,5138317699
5162033748,5162397571
5068501888,5068853867
5049795136,5050186314
5059893368,5060210625
5087597638,5088082403
267961710,268357339
5131669298,5132142857
5027492771,5027855854
125632837,125899119
199412371,199885629
115926846,116224831
4980957770,4981288765
162211504,162653636
156738006,157005986
5157760002,5158151509
4994853248,4995280067
5131802073,5132288765
5050384775,5050769943
5019060084,5019339920
5065219948,5065417565
5057044893,5057468663
5079235965,5079667015
163626431,163949957
4964458467,4964831698
5058397085,5058952711
4958996677,4959439448
228342526,228659275
201932392,202091915
242524226,242780241
151382160,151816196
194357383,194664139
195751573,195922226
142644137,143044712
170189699,170431817
158125517,158373092
126916157,127330591
197361783,197779168
155407244,155809970
4859246342,4859660839
4810975431,4811276864
4855021610,4855334398
4918783306,4919287064
4756231359,4756596340
153291427,153730092
172134983,172276262
4938481242,4938869493
110969860,111276349
152513746,152915417
4828367585,4828799908
177409451,177784727
274183436,274453475
4846842491,4847326253
4825997259,4826460615
180238501,180513366
4830732890,4831095291
179143752,179443338
4917623392,4918033535
4951516299,4951864136
4855219956,4855464621
140977161,141346371
156841365,157092912
160396261,160770873
4920389424,4920779005
4952980641,4953360096
165623169,165901896
221542875,221793941
5009000177,5009356063
5019711573,5019979608
182753341,183184274
210143254,210355176
4985640485,4985977533
137143913,137430227
4963046405,4963516722
4990399367,4990840131
5075796970,5076377752
4881612189,4881991520
214333827,214635064
139085671,139374545
108725180,109130243
4964757961,4965101138
4889577686,4889962655
4963625351,4964002878
156809714,157002217
184608053,184956700
190410215,190590752
4937327937,4937714236
4946282668,4946647258
4950811352,4950968425
4977812062,4978154730
227235285,227433304
220503598,220763445
143578491,143952655
4978868022,4979197196
5086570278,5087000468
4992385566,4992853281
5100422321,5100756076
4999074106,4999530719
5014675995,5014981527
169182407,169555394
104214069,104478104
174921525,175179704
173069839,182244667
5134949231,5135458551
5025394462,5025785841
5101114869,5101456951
147066602,147305561
5051009120,5051412046
4998194234,4998593938
195997137,196235858
5002959818,5003388068
4972912197,4973278868
4928415920,4928803982
4961393513,4961696307
171452832,171761527
161796414,162121246
4968173096,4968513597
5039072488,5039383905
316404059,316646111
311227432,311482327
5214983555,5215341293
410230051,410457661
346241447,346553598
5325722405,5326122884
224798891,224922648
5313716627,5313913067
164126020,164490991
166374638,166550202
5210992265,5211283050
121504876,121827682
139876029,140194023
148932244,149264618
5267451376,5267852412
5272648873,5272788495
5270645590,5271009089
4980747011,4981063580
5016094215,5016415689
166726602,167052677
129250031,129574175
4912185204,4912521431
4989435856,4989804579
119081875,119424259
5033728172,5033997504
160328618,160659594
4923363321,4923641893
4767388324,4767678232
171539388,171824904
199251221,199555937
209196690,209453137
4687640100,4688039996
4697305652,4697607951
148704166,149054390
102490468,102856993
159211293,159588158
4663832194,4664110211
184634492,185006538
186624847,186886857
4612808655,4613143923
4505615120,4505915579
129442193,129779581
150794137,151088650
154372262,154759056
171157032,171512183
193378202,193745026
144398513,144731442
4891775335,4892195672
4903857349,4904072054
4789332780,4789606122
4806082445,4806301148
215751818,216002934
4832698964,4832851093
149360652,149628381
203191281,203545188
4958071668,4958530724
131171486,131498008
4926625034,4927048801
4857053732,4857430385
5032741998,5033045560
4925844316,4926234038
4957402527,4957711354
4898037631,4898293584
4905820790,4906062065
4776594788,4776966593
4796344231,4796606523
151900719,152269528
207924204,208136895
108879205,109221464
169879089,170281386
166924148,167269289
4670219358,4670546530
4691113829,4691440825
4683777910,4684010827
4722252396,4722450985
105878594,106180375
173176106,173514949
4862577172,4862922801
4895203115,4895459033
4910208407,4910501190
4975535581,4975863988
4753700381,4754022682
129160040,129372326
191363254,191581389
139449638,139801831
4781903627,4782209884
150626743,150932049
4789653842,4789942183
4846462019,4846833465
4875605060,4875885024
4825338740,4825622797
92910817,93155576
4961466918,4961829769
5013988433,5014334458
5019479480,5019775898
5062622388,5062813148
4978116743,4978427969
4955788665,4956144548
165304723,165716708
4887978288,4888291069
125097587,125419881
233503580,233805778
150105409,150478110
4991392110,4991776290
5069302251,5069624397
200273871,200642707
5046328749,5046664741
5011759453,5012146832
5026952047,5027214936
4934026360,4934336083
5037124724,5037491887
128439563,128714148
161061336,161302347
4989566811,4989872090
218288740,218601444
5132068402,5132365595
268517120,268816978
5166311789,5166650905
145760023,146182244
160476398,160807122
5111067612,5111339190
5049765147,5050074255
5113347060,5113804484
5110728993,5111137046
5170981586,5171259428
5166254859,5166562338
187031939,187275195
259334205,259540351
5370958562,5371243806
154359586,154660925
5163791768,5164340422
5244516413,5244863822
5065176943,5065476216
5199719361,5200109962
5046343558,5046639471
5156327503,5156678684
155593580,155830611
4900966599,4901318946
5003361975,5003682106
4870202582,4870506599
4877189982,4877455275
167937361,168308352
4905650644,4906027907
4877860409,4878151480
104043717,104415508
4945815557,4946129191
4966823389,4967220203
5005582712,5005908080
4970204677,4970489115
100592566,100973634
168391481,168804572
128969069,129302645
133777966,134110924
4895483524,4895856044
4912789658,4913040093
4960826029,4961072623
4822019351,4822362816
143457766,143696441
198582636,198820859
4926670143,4927069532
4817660738,4817966030
4828592840,4828896053
138708052,139054885
177570086,177861594
4862915788,4863331612
4897800122,4898063188
4882255424,4882583340
178425618,178765038
136202225,136523186
4949573160,4949862818
4974890689,4975175905
104304664,104655173
129899090,130214176
4887993533,4888290448
4949696036,4949973056
159906870,160019478
4536573463,4536950474
149137445,149462416
180826275,181142299
4521429483,4521797773
4394866412,4395250896
166334831,166682839
197011470,197335506
4484867432,4485230176
4500082130,4500350946
155756279,156087217
4616841208,4617169106
4901797639,4902120425
4912094026,4912293719
4903484760,4903819308
135462186,135696918
4964680805,4964989002
4978091450,4978371886
4981719696,4981947769
4937285856,4937467322
220023012,220453824
4850830955,4851105674
170766220,171102190
4909962021,4910267056
257240290,257528029
177342100,177469112
121670161,122002629
137814827,138030302
203944443,204289326
192503858,192729645
165402912,166094129
4816774440,4817063800
130097787,130468437
164676893,164997500
4892787316,4893123630
4960137288,4960407225
4857186849,4857447064
4956973397,4957292100
5003336249,5003626208
4957773958,4958095416
182005014,182229316
132788555,133180978
4941369749,4941672318
5164697866,5165026465
5088650294,5088921881
112789037,113121915
4984593543,4984937324
5208216524,5208544330
5224999484,5225244569
5244875990,5245157293
5104540766,5104825700
5085955807,5086213590
178030443,178238959
187213810,187350715
139433073,139619888
163292045,163571041
5020958672,5021294664
143670254,143878907
5086232763,5086501975
197779175,198102084
204012812,204210081
116966712,117369940
220625700,220844475
4726779687,4727058470
4701644811,4701984749
188220252,188526416
251827426,252060484
198299347,198415996
279268032,279506333
282166363,282337398
4771151930,4771431261
164932280,165226301
4741714100,4742043955
4828731953,4829054079
4725162955,4725424151
190091016,190397325
197599613,197760929
4797868002,4798065149
114933436,115166269
165925970,166148019
187563257,187889988
240952241,241063558
4832419552,4832688735
148290634,148667492
101539580,101866248
4972598041,4972925283
4899397173,4899668776
4771541233,4771884290
4806404641,4806689209
4775175084,4775475514
4709378975,4709675462
4769706433,4770031118
102439537,102806312
170965347,171332531
4816535643,4816964957
4914721813,4915042489
175047984,175316249
4932622239,4932906558
158450059,158792347
4997483288,4997822849
4998291740,4998437731
183033492,183360048
155455337,155690092
4907896187,4908177957
5047113603,5047456011
99666532,99982202
4938176263,4938499320
5011898835,5012190870
4939841674,4940202158
5051644487,5051893147
172143050,172364746
5018951040,5019220751
118706793,119012619
5007908495,5008192294
5085377086,5085697432
108225327,108558915
5062618483,5062896206
5055637741,5055961850
5014531322,5014753885
5010057101,5010356733
175712037,176003187
184983971,185226945
5013984377,5014272322
5068190376,5068559369
5081185117,5081501246
5071110117,5071306457
128190268,128525006
5034951417,5035239144
129277997,129731479
5059741375,5060116349
4952410650,4952648784
97494409,97870272
133777669,134056693
5029901905,5030130529
4984091342,4984383758
176639332,176804238
4997241119,4997554615
177781718,178000132
228953679,229185994
4996016309,4996320025
173138298,173364203
131442971,131573279
184645445,184880987
4967579242,4967969796
160011416,160366769
5003697997,5004014494
110483481,110715643
5031721709,5032058744
174192745,174387663
152319935,152646000
146547194,146900733
5021675981,5021984282
5009286261,5009652902
4993761172,4994075394
4987063118,4987347907
4980547343,4980790190
5194500999,5194854275
5127905664,5128189219
5060185355,5060601963
5149774161,5150059127
5034486012,5034652632
182847535,183075785
134194746,134414125
177069337,177401389
139052074,139432536
5208153131,5208441023
220235142,220568909
4984706073,4984993626
4958633217,4958933220
183849456,184123863
5025803947,5026044043
4917763784,4918125992
4852362677,4852695843
136202018,140968401
4900863003,4901187038
4647386228,4647857307
4324556994,4324945955
4349934911,4350256302
4337257372,4337735771
3978162303,3978552077
3954119754,3954376335
3832718036,3833078595
3723682532,3723954769
